FIPS code;STNAME;CTYNAME;POPESTIMATE2020;POPESTIMATE2021;POPESTIMATE2022;NPOPCHG2020;NPOPCHG2021;NPOPCHG2022
1001;Alabama;Autauga County;58902;59210;59759;100;308;549
1003;Alabama;Baldwin County;233219;239361;246435;1458;6142;7074
1005;Alabama;Barbour County;24960;24539;24706;-264;-421;167
1007;Alabama;Bibb County;22183;22370;22005;-117;187;-365
1009;Alabama;Blount County;59102;59085;59512;-28;-17;427
1011;Alabama;Bullock County;10296;10280;10202;-66;-16;-78
1013;Alabama;Butler County;19031;18855;18650;-24;-176;-205
1015;Alabama;Calhoun County;116239;115677;115788;-205;-562;111
1017;Alabama;Chambers County;34645;34446;34088;-129;-199;-358
1019;Alabama;Cherokee County;24972;25026;25302;-7;54;276
1021;Alabama;Chilton County;45051;45259;45884;42;208;625
1023;Alabama;Choctaw County;12619;12549;12439;-44;-70;-110
1025;Alabama;Clarke County;22981;22715;22515;-106;-266;-200
1027;Alabama;Clay County;14211;14190;14198;-26;-21;8
1029;Alabama;Cleburne County;15063;15148;15346;6;85;198
1031;Alabama;Coffee County;53547;54171;54805;87;624;634
1033;Alabama;Colbert County;57299;57619;58033;67;320;414
1035;Alabama;Conecuh County;11553;11320;11206;-44;-233;-114
1037;Alabama;Coosa County;10341;10366;10166;-41;25;-200
1039;Alabama;Covington County;37507;37542;37602;-60;35;60
1041;Alabama;Crenshaw County;13165;13056;13025;-32;-109;-31
1043;Alabama;Cullman County;88131;89618;90665;274;1487;1047
1045;Alabama;Dale County;49253;49412;49544;-66;159;132
1047;Alabama;Dallas County;38174;37565;36767;-289;-609;-798
1049;Alabama;DeKalb County;71648;71829;71998;37;181;169
1051;Alabama;Elmore County;87853;88737;89563;-121;884;826
1053;Alabama;Escambia County;36680;36658;36666;-87;-22;8
1055;Alabama;Etowah County;103447;103139;103088;6;-308;-51
1057;Alabama;Fayette County;16330;16155;16118;4;-175;-37
1059;Alabama;Franklin County;32075;31996;31932;-38;-79;-64
1061;Alabama;Geneva County;26696;26667;26783;36;-29;116
1063;Alabama;Greene County;7702;7592;7422;-32;-110;-170
1065;Alabama;Hale County;14768;14737;14595;-18;-31;-142
1067;Alabama;Henry County;17175;17434;17655;27;259;221
1069;Alabama;Houston County;107286;107453;108079;82;167;626
1071;Alabama;Jackson County;52545;52694;52891;-37;149;197
1073;Alabama;Jefferson County;674675;669997;665409;320;-4678;-4588
1075;Alabama;Lamar County;13956;13740;13705;-20;-216;-35
1077;Alabama;Lauderdale County;94025;94862;95878;460;837;1016
1079;Alabama;Lawrence County;33089;33123;33214;12;34;91
1081;Alabama;Lee County;174742;177655;180773;498;2913;3118
1083;Alabama;Limestone County;104190;107381;110900;627;3191;3519
1085;Alabama;Lowndes County;10273;9926;9777;-37;-347;-149
1087;Alabama;Macon County;19473;18906;18516;-61;-567;-390
1089;Alabama;Madison County;390502;396593;403565;2342;6091;6972
1091;Alabama;Marengo County;19266;18961;18745;-58;-305;-216
1093;Alabama;Marion County;29166;29006;29156;-175;-160;150
1095;Alabama;Marshall County;97696;98316;99423;85;620;1107
1097;Alabama;Mobile County;414353;413017;411411;-459;-1336;-1606
1099;Alabama;Monroe County;19704;19557;19404;-66;-147;-153
1101;Alabama;Montgomery County;228322;226953;226361;-626;-1369;-592
1103;Alabama;Morgan County;123288;123403;124211;-133;115;808
1105;Alabama;Perry County;8458;8317;8035;-57;-141;-282
1107;Alabama;Pickens County;18922;18615;18697;-202;-307;82
1109;Alabama;Pike County;32906;32740;33014;-102;-166;274
1111;Alabama;Randolph County;22092;22199;22479;122;107;280
1113;Alabama;Russell County;59259;58668;58555;72;-591;-113
1115;Alabama;St. Clair County;91652;92903;93932;181;1251;1029
1117;Alabama;Shelby County;223881;227428;230115;847;3547;2687
1119;Alabama;Sumter County;12196;11961;11853;-152;-235;-108
1121;Alabama;Talladega County;81428;80483;80704;-724;-945;221
1123;Alabama;Tallapoosa County;41286;41132;40977;-30;-154;-155
1125;Alabama;Tuscaloosa County;231534;235668;236780;4493;4134;1112
1127;Alabama;Walker County;65132;64629;64339;-210;-503;-290
1129;Alabama;Washington County;15327;15234;15122;-61;-93;-112
1131;Alabama;Wilcox County;10432;10331;10059;-169;-101;-272
1133;Alabama;Winston County;23488;23672;23755;-56;184;83
2013;Alaska;Aleutians East Borough;3425;3424;3398;6;-1;-26
2016;Alaska;Aleutians West Census Area;5222;5155;5122;-10;-67;-33
2020;Alaska;Anchorage Municipality;290866;288702;287145;-378;-2164;-1557
2050;Alaska;Bethel Census Area;18673;18599;18257;3;-74;-342
2060;Alaska;Bristol Bay Borough;829;841;865;-14;12;24
2063;Alaska;Chugach Census Area;7077;6943;6874;-20;-134;-69
2066;Alaska;Copper River Census Area;2616;2611;2589;-2;-5;-22
2068;Alaska;Denali Borough;1614;1594;1585;-10;-20;-9
2070;Alaska;Dillingham Census Area;4835;4774;4723;-18;-61;-51
2090;Alaska;Fairbanks North Star Borough;95328;95528;95356;-329;200;-172
2100;Alaska;Haines Borough;2086;2074;2056;6;-12;-18
2105;Alaska;Hoonah-Angoon Census Area;2362;2339;2287;-2;-23;-52
2110;Alaska;Juneau City and Borough;32202;31965;31685;-53;-237;-280
2122;Alaska;Kenai Peninsula Borough;58927;59851;60690;138;924;839
2130;Alaska;Ketchikan Gateway Borough;13918;13810;13741;-39;-108;-69
2150;Alaska;Kodiak Island Borough;13047;12864;12720;-54;-183;-144
2158;Alaska;Kusilvak Census Area;8373;8398;8278;1;25;-120
2164;Alaska;Lake and Peninsula Borough;1452;1419;1381;-24;-33;-38
2170;Alaska;Matanuska-Susitna Borough;107515;111059;113325;433;3544;2266
2180;Alaska;Nome Census Area;10028;9908;9835;-21;-120;-73
2185;Alaska;North Slope Borough;11002;11011;10805;-28;9;-206
2188;Alaska;Northwest Arctic Borough;7790;7560;7423;0;-230;-137
2195;Alaska;Petersburg Borough;3405;3373;3360;6;-32;-13
2198;Alaska;Prince of Wales-Hyder Census Area;5739;5734;5650;-14;-5;-84
2220;Alaska;Sitka City and Borough;8425;8410;8382;-23;-15;-28
2230;Alaska;Skagway Municipality;1240;1142;1081;-2;-98;-61
2240;Alaska;Southeast Fairbanks Census Area;6820;7005;7021;15;185;16
2275;Alaska;Wrangell City and Borough;2127;2100;2070;1;-27;-30
2282;Alaska;Yakutat City and Borough;684;709;700;20;25;-9
2290;Alaska;Yukon-Koyukuk Census Area;5296;5280;5179;-43;-16;-101
4001;Arizona;Apache County;65911;65385;65432;-113;-526;47
4003;Arizona;Cochise County;125522;125763;125663;74;241;-100
4005;Arizona;Coconino County;145180;142780;144060;80;-2400;1280
4007;Arizona;Gila County;53351;53521;53922;78;170;401
4009;Arizona;Graham County;38638;38882;38779;105;244;-103
4011;Arizona;Greenlee County;9526;9377;9302;-35;-149;-75
4012;Arizona;La Paz County;16575;16391;16506;20;-184;115
4013;Arizona;Maricopa County;4440232;4494693;4551524;19658;54461;56831
4015;Arizona;Mohave County;214176;216957;220816;907;2781;3859
4017;Arizona;Navajo County;106762;107621;108650;46;859;1029
4019;Arizona;Pima County;1045175;1048895;1057597;1741;3720;8702
4021;Arizona;Pinal County;429446;448144;464154;4189;18698;16010
4023;Arizona;Santa Cruz County;47705;48034;48759;40;329;725
4025;Arizona;Yavapai County;237216;242193;246191;998;4977;3998
4027;Arizona;Yuma County;204528;206241;207842;648;1713;1601
5001;Arkansas;Arkansas County;17107;16683;16512;-43;-424;-171
5003;Arkansas;Ashley County;18962;18649;18354;-102;-313;-295
5005;Arkansas;Baxter County;41687;42171;42435;54;484;264
5007;Arkansas;Benton County;286586;294337;302863;2257;7751;8526
5009;Arkansas;Boone County;37383;37890;38284;11;507;394
5011;Arkansas;Bradley County;10488;10332;10135;-52;-156;-197
5013;Arkansas;Calhoun County;4738;4737;4695;-4;-1;-42
5015;Arkansas;Carroll County;28242;28480;28742;-18;238;262
5017;Arkansas;Chicot County;10157;10071;9873;-55;-86;-198
5019;Arkansas;Clark County;21387;21217;21250;-60;-170;33
5021;Arkansas;Clay County;14528;14370;14265;-20;-158;-105
5023;Arkansas;Cleburne County;24696;25044;25284;-9;348;240
5025;Arkansas;Cleveland County;7550;7490;7467;2;-60;-23
5027;Arkansas;Columbia County;22742;22510;22216;-56;-232;-294
5029;Arkansas;Conway County;20729;20911;21046;20;182;135
5031;Arkansas;Craighead County;111603;111788;113017;370;185;1229
5033;Arkansas;Crawford County;60147;60423;61075;17;276;652
5035;Arkansas;Crittenden County;48086;47475;47061;-83;-611;-414
5037;Arkansas;Cross County;16796;16693;16601;-34;-103;-92
5039;Arkansas;Dallas County;6442;6306;6191;-37;-136;-115
5041;Arkansas;Desha County;11320;11050;10771;-75;-270;-279
5043;Arkansas;Drew County;17314;17070;16911;-34;-244;-159
5045;Arkansas;Faulkner County;123811;125645;127665;313;1834;2020
5047;Arkansas;Franklin County;17135;17166;17271;34;31;105
5049;Arkansas;Fulton County;12057;12156;12382;-20;99;226
5051;Arkansas;Garland County;100249;100386;100089;77;137;-297
5053;Arkansas;Grant County;18022;18149;18160;56;127;11
5055;Arkansas;Greene County;45864;46349;46448;124;485;99
5057;Arkansas;Hempstead County;19981;19679;19453;-81;-302;-226
5059;Arkansas;Hot Spring County;33075;33108;33203;29;33;95
5061;Arkansas;Howard County;12755;12676;12557;-29;-79;-119
5063;Arkansas;Independence County;37936;37742;37945;5;-194;203
5065;Arkansas;Izard County;13597;13928;14048;23;331;120
5067;Arkansas;Jackson County;16755;16780;16624;-5;25;-156
5069;Arkansas;Jefferson County;66833;65649;64246;-428;-1184;-1403
5071;Arkansas;Johnson County;25722;25977;26001;-27;255;24
5073;Arkansas;Lafayette County;6299;6155;6101;-12;-144;-54
5075;Arkansas;Lawrence County;16212;16316;16205;-4;104;-111
5077;Arkansas;Lee County;8528;8559;8364;-69;31;-195
5079;Arkansas;Lincoln County;12889;13151;12916;-47;262;-235
5081;Arkansas;Little River County;11975;11954;11821;-53;-21;-133
5083;Arkansas;Logan County;21103;21207;21253;-29;104;46
5085;Arkansas;Lonoke County;74046;74766;75225;36;720;459
5087;Arkansas;Madison County;16546;16936;17486;25;390;550
5089;Arkansas;Marion County;16877;16970;17254;45;93;284
5091;Arkansas;Miller County;42579;42499;42552;-16;-80;53
5093;Arkansas;Mississippi County;40544;39577;38896;-148;-967;-681
5095;Arkansas;Monroe County;6774;6660;6564;-25;-114;-96
5097;Arkansas;Montgomery County;8488;8638;8556;2;150;-82
5099;Arkansas;Nevada County;8285;8195;8181;-30;-90;-14
5101;Arkansas;Newton County;7193;7164;7078;-32;-29;-86
5103;Arkansas;Ouachita County;22614;22344;22049;-34;-270;-295
5105;Arkansas;Perry County;10000;9989;10063;-21;-11;74
5107;Arkansas;Phillips County;16443;15822;15304;-133;-621;-518
5109;Arkansas;Pike County;10172;10121;10179;-8;-51;58
5111;Arkansas;Poinsett County;22952;22730;22495;-13;-222;-235
5113;Arkansas;Polk County;19187;19331;19337;-36;144;6
5115;Arkansas;Pope County;63403;63756;64065;18;353;309
5117;Arkansas;Prairie County;8246;8094;8069;-38;-152;-25
5119;Arkansas;Pulaski County;399246;398069;399145;129;-1177;1076
5121;Arkansas;Randolph County;18590;18842;18837;19;252;-5
5123;Arkansas;St. Francis County;23013;22701;22451;-76;-312;-250
5125;Arkansas;Saline County;123815;125319;127357;391;1504;2038
5127;Arkansas;Scott County;9828;9795;9805;-5;-33;10
5129;Arkansas;Searcy County;7842;7880;7918;11;38;38
5131;Arkansas;Sebastian County;127800;128425;129059;0;625;634
5133;Arkansas;Sevier County;15779;15709;15686;-65;-70;-23
5135;Arkansas;Sharp County;17319;17660;17810;39;341;150
5137;Arkansas;Stone County;12350;12432;12575;-8;82;143
5139;Arkansas;Union County;38926;38364;37752;-123;-562;-612
5141;Arkansas;Van Buren County;15801;15751;16102;4;-50;351
5143;Arkansas;Washington County;246756;251692;256054;890;4936;4362
5145;Arkansas;White County;76851;77157;77755;29;306;598
5147;Arkansas;Woodruff County;6228;6153;6049;-48;-75;-104
5149;Arkansas;Yell County;20214;20152;20129;-45;-62;-23
6001;California;Alameda County;1680380;1643837;1628997;-1951;-36543;-14840
6003;California;Alpine County;1204;1235;1190;3;31;-45
6005;California;Amador County;40532;41144;41412;58;612;268
6007;California;Butte County;210135;206190;207303;-1496;-3945;1113
6009;California;Calaveras County;45346;46219;46563;61;873;344
6011;California;Colusa County;21858;21913;21914;21;55;1
6013;California;Contra Costa County;1165986;1163298;1156966;59;-2688;-6332
6015;California;Del Norte County;27601;27553;27082;-144;-48;-471
6017;California;El Dorado County;191220;193590;192646;36;2370;-944
6019;California;Fresno County;1009503;1012992;1015190;853;3489;2198
6021;California;Glenn County;28896;28664;28339;-19;-232;-325
6023;California;Humboldt County;136261;134836;135010;-204;-1425;174
6025;California;Imperial County;179595;179215;178713;-114;-380;-502
6027;California;Inyo County;19001;18927;18718;-24;-74;-209
6029;California;Kern County;905828;912351;916108;-3416;6523;3757
6031;California;Kings County;152790;152679;152981;302;-111;302
6033;California;Lake County;68195;68584;68191;37;389;-393
6035;California;Lassen County;32317;31813;29904;-413;-504;-1909
6037;California;Los Angeles County;9992236;9811842;9721138;-21806;-180394;-90704
6039;California;Madera County;156343;158910;160256;84;2567;1346
6041;California;Marin County;261282;259162;256018;-1036;-2120;-3144
6043;California;Mariposa County;17118;17107;17020;-10;-11;-87
6045;California;Mendocino County;91361;91003;89783;-234;-358;-1220
6047;California;Merced County;281814;284458;290014;612;2644;5556
6049;California;Modoc County;8663;8571;8511;-37;-92;-60
6051;California;Mono County;13226;13261;12978;28;35;-283
6053;California;Monterey County;438390;437249;432858;-646;-1141;-4391
6055;California;Napa County;137485;136206;134300;-539;-1279;-1906
6057;California;Nevada County;102249;103457;102293;14;1208;-1164
6059;California;Orange County;3185516;3161005;3151184;-1463;-24511;-9821
6061;California;Placer County;405889;412789;417772;1149;6900;4983
6063;California;Plumas County;19749;19940;19351;-47;191;-589
6065;California;Riverside County;2422847;2453178;2473902;4670;30331;20724
6067;California;Sacramento County;1586465;1588106;1584169;1419;1641;-3937
6069;California;San Benito County;64521;66675;67579;314;2154;904
6071;California;San Bernardino County;2183239;2192882;2193656;1577;9643;774
6073;California;San Diego County;3296045;3274954;3276208;-2590;-21091;1254
6075;California;San Francisco County;870393;811253;808437;-3566;-59140;-2816
6077;California;San Joaquin County;780558;788140;793229;1331;7582;5089
6079;California;San Luis Obispo County;281879;279298;282013;-564;-2581;2715
6081;California;San Mateo County;762511;739060;729181;-1921;-23451;-9879
6083;California;Santa Barbara County;448244;437434;443837;27;-10810;6403
6085;California;Santa Clara County;1931026;1886595;1870945;-5248;-44431;-15650
6087;California;Santa Cruz County;270462;260495;264370;-407;-9967;3875
6089;California;Shasta County;181984;181981;180930;-168;-3;-1051
6091;California;Sierra County;3228;3295;3217;-6;67;-78
6093;California;Siskiyou County;43991;44026;43660;-84;35;-366
6095;California;Solano County;452698;450350;448747;-792;-2348;-1603
6097;California;Sonoma County;488281;484315;482650;-594;-3966;-1665
6099;California;Stanislaus County;553217;552851;551275;337;-366;-1576
6101;California;Sutter County;99464;99038;98503;-167;-426;-535
6103;California;Tehama County;65682;65380;65245;-149;-302;-135
6105;California;Trinity County;16089;16061;15781;-23;-28;-280
6107;California;Tulare County;473891;476946;477544;774;3055;598
6109;California;Tuolumne County;55374;55065;54531;-249;-309;-534
6111;California;Ventura County;843310;839358;832605;-533;-3952;-6753
6113;California;Yolo County;216291;213039;222115;-114;-3252;9076
6115;California;Yuba County;81994;83216;84310;416;1222;1094
8001;Colorado;Adams County;520479;523592;527575;897;3113;3983
8003;Colorado;Alamosa County;16377;16563;16592;-4;186;29
8005;Colorado;Arapahoe County;655207;656557;655808;149;1350;-749
8007;Colorado;Archuleta County;13425;13798;14003;69;373;205
8009;Colorado;Baca County;3482;3487;3432;-28;5;-55
8011;Colorado;Bent County;5478;5337;5399;-173;-141;62
8013;Colorado;Boulder County;330922;327075;327468;158;-3847;393
8014;Colorado;Broomfield County;74484;75375;76121;379;891;746
8015;Colorado;Chaffee County;19477;19711;20223;4;234;512
8017;Colorado;Cheyenne County;1744;1716;1732;-4;-28;16
8019;Colorado;Clear Creek County;9393;9445;9355;-1;52;-90
8021;Colorado;Conejos County;7458;7578;7579;-9;120;1
8023;Colorado;Costilla County;3501;3595;3603;5;94;8
8025;Colorado;Crowley County;5694;5731;5614;-225;37;-117
8027;Colorado;Custer County;4719;5064;5335;16;345;271
8029;Colorado;Delta County;31051;31383;31602;-148;332;219
8031;Colorado;Denver County;717556;711323;713252;2018;-6233;1929
8033;Colorado;Dolores County;2332;2370;2455;6;38;85
8035;Colorado;Douglas County;360303;369825;375988;2305;9522;6163
8037;Colorado;Eagle County;55665;55773;55285;-65;108;-488
8039;Colorado;Elbert County;26207;27133;27799;158;926;666
8041;Colorado;El Paso County;732342;737228;740567;1940;4886;3339
8043;Colorado;Fremont County;48878;49234;49621;-60;356;387
8045;Colorado;Garfield County;61792;62195;62271;104;403;76
8047;Colorado;Gilpin County;5824;5899;5891;14;75;-8
8049;Colorado;Grand County;15748;15870;15769;31;122;-101
8051;Colorado;Gunnison County;16945;17309;17267;28;364;-42
8053;Colorado;Hinsdale County;788;773;775;4;-15;2
8055;Colorado;Huerfano County;6827;6922;7082;11;95;160
8057;Colorado;Jackson County;1378;1357;1302;-1;-21;-55
8059;Colorado;Jefferson County;583050;580926;576143;148;-2124;-4783
8061;Colorado;Kiowa County;1452;1446;1424;7;-6;-22
8063;Colorado;Kit Carson County;7066;6936;6961;-20;-130;25
8065;Colorado;Lake County;7404;7397;7327;-24;-7;-70
8067;Colorado;La Plata County;55675;56187;56607;36;512;420
8069;Colorado;Larimer County;359899;362713;366778;833;2814;4065
8071;Colorado;Las Animas County;14482;14318;14327;-75;-164;9
8073;Colorado;Lincoln County;5665;5477;5510;-12;-188;33
8075;Colorado;Logan County;21204;21122;20823;-323;-82;-299
8077;Colorado;Mesa County;156005;157434;158636;295;1429;1202
8079;Colorado;Mineral County;871;929;931;6;58;2
8081;Colorado;Moffat County;13264;13155;13177;-27;-109;22
8083;Colorado;Montezuma County;25883;26216;26468;37;333;252
8085;Colorado;Montrose County;42817;43230;43811;137;413;581
8087;Colorado;Morgan County;29072;28995;29239;-34;-77;244
8089;Colorado;Otero County;18667;18536;18303;-25;-131;-233
8091;Colorado;Ouray County;4881;5059;5100;1;178;41
8093;Colorado;Park County;17419;17758;17939;24;339;181
8095;Colorado;Phillips County;4531;4508;4449;-6;-23;-59
8097;Colorado;Pitkin County;17354;17350;16876;-4;-4;-474
8099;Colorado;Prowers County;12010;11994;11854;15;-16;-140
8101;Colorado;Pueblo County;168325;169332;169544;157;1007;212
8103;Colorado;Rio Blanco County;6524;6453;6569;-7;-71;116
8105;Colorado;Rio Grande County;11538;11388;11325;-1;-150;-63
8107;Colorado;Routt County;24829;25056;25007;5;227;-49
8109;Colorado;Saguache County;6393;6505;6623;21;112;118
8111;Colorado;San Juan County;710;740;803;7;30;63
8113;Colorado;San Miguel County;8054;8074;8003;-17;20;-71
8115;Colorado;Sedgwick County;2390;2331;2295;-12;-59;-36
8117;Colorado;Summit County;30994;30971;30565;-58;-23;-406
8119;Colorado;Teller County;24747;24939;24857;36;192;-82
8121;Colorado;Washington County;4808;4850;4812;-6;42;-38
8123;Colorado;Weld County;331427;339811;350176;2451;8384;10365
8125;Colorado;Yuma County;9979;9943;9899;-11;-36;-44
9003;Connecticut;Hartford County;973159;980757;981447;-3110;7598;690
9007;Connecticut;Middlesex County;173927;176095;176622;-294;2168;527
9009;Connecticut;New Haven County;449896;452894;454083;-551;2998;1189
9015;Connecticut;Windham County;95274;95708;96196;-70;434;488
9005;Connecticut;Litchfield County;112269;112974;113234;-187;705;260
9013;Connecticut;Tolland County;569237;573562;573244;-1216;4325;-318
9011;Connecticut;New London County;279522;280117;280403;-922;595;286
9001;Connecticut;Fairfield County;619146;624019;623690;-1385;4873;-329
10001;Delaware;Kent County;182362;184371;186946;506;2009;2575
10003;Delaware;New Castle County;570873;572714;575494;152;1841;2780
10005;Delaware;Sussex County;238879;247722;255956;1499;8843;8234
12001;Florida;Alachua County;279742;281817;284030;1267;2075;2213
12003;Florida;Baker County;28115;28673;27803;-148;558;-870
12005;Florida;Bay County;174506;179498;185134;-698;4992;5636
12007;Florida;Bradford County;28224;28050;27313;-82;-174;-737
12009;Florida;Brevard County;608713;617742;630693;2110;9029;12951
12011;Florida;Broward County;1943266;1935729;1947026;-1110;-7537;11297
12013;Florida;Calhoun County;13703;13514;13464;59;-189;-50
12015;Florida;Charlotte County;188013;194934;202661;1163;6921;7727
12017;Florida;Citrus County;154565;158113;162529;710;3548;4416
12019;Florida;Clay County;218933;222533;226589;683;3600;4056
12021;Florida;Collier County;377293;387241;397994;1533;9948;10753
12023;Florida;Columbia County;69737;69902;71908;36;165;2006
12027;Florida;DeSoto County;34087;34340;35312;112;253;972
12029;Florida;Dixie County;16690;16905;17124;-68;215;219
12031;Florida;Duval County;997604;1002252;1016536;2044;4648;14284
12033;Florida;Escambia County;322551;323480;324878;654;929;1398
12035;Florida;Flagler County;116030;120904;126705;647;4874;5801
12037;Florida;Franklin County;12463;12175;12498;11;-288;323
12039;Florida;Gadsden County;43402;43554;43403;-418;152;-151
12041;Florida;Gilchrist County;17883;18306;18992;21;423;686
12043;Florida;Glades County;12068;12268;12454;-59;200;186
12045;Florida;Gulf County;14264;14452;15314;64;188;862
12047;Florida;Hamilton County;13733;13082;13217;-273;-651;135
12049;Florida;Hardee County;25331;25307;25645;5;-24;338
12051;Florida;Hendry County;39725;40212;41339;99;487;1127
12053;Florida;Hernando County;195627;200649;206896;1112;5022;6247
12055;Florida;Highlands County;101345;103295;105618;107;1950;2323
12057;Florida;Hillsborough County;1466160;1484455;1513301;6387;18295;28846
12059;Florida;Holmes County;19569;19295;19651;-88;-274;356
12061;Florida;Indian River County;160439;163814;167352;650;3375;3538
12063;Florida;Jackson County;47079;47154;48211;-230;75;1057
12065;Florida;Jefferson County;14390;14476;15042;-117;86;566
12067;Florida;Lafayette County;8214;7958;7786;-11;-256;-172
12069;Florida;Lake County;386194;396242;410139;2235;10048;13897
12071;Florida;Lee County;765504;790676;822453;4684;25172;31777
12073;Florida;Leon County;293948;296081;297369;1745;2133;1288
12075;Florida;Levy County;43059;44158;45260;147;1099;1102
12077;Florida;Liberty County;7805;7308;7603;-171;-497;295
12079;Florida;Madison County;17866;18069;18198;-104;203;129
12081;Florida;Manatee County;401593;413474;429125;1888;11881;15651
12083;Florida;Marion County;377459;385084;396415;1553;7625;11331
12085;Florida;Martin County;158658;160249;162006;223;1591;1757
12086;Florida;Miami-Dade County;2695501;2670421;2673837;-6261;-25080;3416
12087;Florida;Monroe County;82852;82265;81708;-27;-587;-557
12089;Florida;Nassau County;91027;94393;97899;672;3366;3506
12091;Florida;Okaloosa County;212071;213647;216482;407;1576;2835
12093;Florida;Okeechobee County;39642;40044;40412;6;402;368
12095;Florida;Orange County;1431573;1427928;1452726;1672;-3645;24798
12097;Florida;Osceola County;391118;404020;422545;2454;12902;18525
12099;Florida;Palm Beach County;1494173;1503223;1518477;1975;9050;15254
12101;Florida;Pasco County;566126;584927;608794;4229;18801;23867
12103;Florida;Pinellas County;959465;959046;961739;362;-419;2693
12105;Florida;Polk County;730111;755179;787404;5070;25068;32225
12107;Florida;Putnam County;73376;74059;74731;49;683;672
12109;Florida;St. Johns County;277085;293175;306841;3658;16090;13666
12111;Florida;St. Lucie County;331428;344283;358704;2201;12855;14421
12113;Florida;Santa Rosa County;188989;193783;198268;998;4794;4485
12115;Florida;Sarasota County;436207;448550;462286;2202;12343;13736
12117;Florida;Seminole County;471428;471009;478772;573;-419;7763
12119;Florida;Sumter County;130298;134867;144970;547;4569;10103
12121;Florida;Suwannee County;43517;44092;45411;45;575;1319
12123;Florida;Taylor County;21739;20786;21283;-61;-953;497
12125;Florida;Union County;15417;15825;15460;-721;408;-365
12127;Florida;Volusia County;555764;565988;579192;2203;10224;13204
12129;Florida;Wakulla County;33895;34274;35178;129;379;904
12131;Florida;Walton County;75937;79988;83304;631;4051;3316
12133;Florida;Washington County;25313;24877;25414;-9;-436;537
13001;Georgia;Appling County;18366;18411;18428;-74;45;17
13003;Georgia;Atkinson County;8311;8358;8183;22;47;-175
13005;Georgia;Bacon County;11108;11071;11191;-32;-37;120
13007;Georgia;Baker County;2851;2827;2788;-24;-24;-39
13009;Georgia;Baldwin County;43794;43671;43635;-1;-123;-36
13011;Georgia;Banks County;18082;18538;19328;45;456;790
13013;Georgia;Barrow County;83975;86672;89299;468;2697;2627
13015;Georgia;Bartow County;109296;110901;112816;408;1605;1915
13017;Georgia;Ben Hill County;17168;17152;17069;-27;-16;-83
13019;Georgia;Berrien County;18148;18128;18214;-18;-20;86
13021;Georgia;Bibb County;157025;155985;156197;-322;-1040;212
13023;Georgia;Bleckley County;12524;12255;12257;-61;-269;2
13025;Georgia;Brantley County;18043;18121;18183;22;78;62
13027;Georgia;Brooks County;16268;16285;16253;-31;17;-32
13029;Georgia;Bryan County;45035;46963;48225;296;1928;1262
13031;Georgia;Bulloch County;79918;80637;83059;271;719;2422
13033;Georgia;Burke County;24633;24333;24388;39;-300;55
13035;Georgia;Butts County;25551;26114;26649;111;563;535
13037;Georgia;Calhoun County;5573;5534;5469;-3;-39;-65
13039;Georgia;Camden County;54925;55754;57013;156;829;1259
13043;Georgia;Candler County;11022;11000;11000;32;-22;0
13045;Georgia;Carroll County;119484;121592;124592;343;2108;3000
13047;Georgia;Catoosa County;68006;68420;68826;133;414;406
13049;Georgia;Charlton County;12532;12813;12781;14;281;-32
13051;Georgia;Chatham County;295064;295656;301107;-216;592;5451
13053;Georgia;Chattahoochee County;9481;9044;8819;-87;-437;-225
13055;Georgia;Chattooga County;24922;24828;24936;-47;-94;108
13057;Georgia;Cherokee County;268175;274839;281278;1550;6664;6439
13059;Georgia;Clarke County;128550;129185;129875;-121;635;690
13061;Georgia;Clay County;2830;2859;2845;-17;29;-14
13063;Georgia;Clayton County;297623;297318;296564;15;-305;-754
13065;Georgia;Clinch County;6725;6698;6662;-21;-27;-36
13067;Georgia;Cobb County;766374;766691;771952;214;317;5261
13069;Georgia;Coffee County;43052;42997;43172;-36;-55;175
13071;Georgia;Colquitt County;45900;45757;45762;-2;-143;5
13073;Georgia;Columbia County;156849;159636;162419;839;2787;2783
13075;Georgia;Cook County;17234;17266;17404;4;32;138
13077;Georgia;Coweta County;146725;149925;152882;571;3200;2957
13079;Georgia;Crawford County;12103;12139;12140;-27;36;1
13081;Georgia;Crisp County;20050;20024;19708;-77;-26;-316
13083;Georgia;Dade County;16235;16230;16081;-11;-5;-149
13085;Georgia;Dawson County;27056;28475;30138;260;1419;1663
13087;Georgia;Decatur County;29324;29045;28982;-45;-279;-63
13089;Georgia;DeKalb County;764420;759231;762820;34;-5189;3589
13091;Georgia;Dodge County;19874;19675;19802;-55;-199;127
13093;Georgia;Dooly County;11165;10881;10572;-47;-284;-309
13095;Georgia;Dougherty County;85153;82267;82966;-637;-2886;699
13097;Georgia;Douglas County;144552;145628;147316;325;1076;1688
13099;Georgia;Early County;10799;10651;10574;-56;-148;-77
13101;Georgia;Echols County;3720;3708;3686;17;-12;-22
13103;Georgia;Effingham County;65158;66746;69041;390;1588;2295
13105;Georgia;Elbert County;19667;19554;19814;29;-113;260
13107;Georgia;Emanuel County;22887;22887;22929;118;0;42
13109;Georgia;Evans County;10790;10711;10695;18;-79;-16
13111;Georgia;Fannin County;25434;25763;25737;115;329;-26
13113;Georgia;Fayette County;119483;120681;122030;297;1198;1349
13115;Georgia;Floyd County;98575;98499;99443;-11;-76;944
13117;Georgia;Forsyth County;252878;260721;267237;1595;7843;6516
13119;Georgia;Franklin County;23468;23503;24128;44;35;625
13121;Georgia;Fulton County;1069370;1062531;1074634;2668;-6839;12103
13123;Georgia;Gilmer County;31428;32090;32407;74;662;317
13125;Georgia;Glascock County;2894;2906;2939;12;12;33
13127;Georgia;Glynn County;84471;84705;85079;-26;234;374
13129;Georgia;Gordon County;57716;58253;58954;173;537;701
13131;Georgia;Grady County;26222;25879;26008;-15;-343;129
13133;Georgia;Greene County;19021;19553;20139;114;532;586
13135;Georgia;Gwinnett County;958005;965145;975353;978;7140;10208
13137;Georgia;Habersham County;46138;46740;47475;105;602;735
13139;Georgia;Hall County;203735;207393;212692;569;3658;5299
13141;Georgia;Hancock County;8708;8664;8387;-25;-44;-277
13143;Georgia;Haralson County;30037;30579;31337;117;542;758
13145;Georgia;Harris County;34896;35605;36276;227;709;671
13147;Georgia;Hart County;25871;26340;26909;47;469;569
13149;Georgia;Heard County;11448;11529;11725;34;81;196
13151;Georgia;Henry County;241848;245023;248364;1129;3175;3341
13153;Georgia;Houston County;164343;167156;169631;702;2813;2475
13155;Georgia;Irwin County;9650;9375;9126;-17;-275;-249
13157;Georgia;Jackson County;76717;80317;83936;813;3600;3619
13159;Georgia;Jasper County;14666;15259;15951;71;593;692
13161;Georgia;Jeff Davis County;14799;14848;14889;21;49;41
13163;Georgia;Jefferson County;15678;15494;15314;-36;-184;-180
13165;Georgia;Jenkins County;8666;8776;8689;-12;110;-87
13167;Georgia;Johnson County;9186;9034;9242;-6;-152;208
13169;Georgia;Jones County;28397;28409;28472;46;12;63
13171;Georgia;Lamar County;18551;18684;19467;51;133;783
13173;Georgia;Lanier County;9926;10052;10171;46;126;119
13175;Georgia;Laurens County;49544;49527;49660;-37;-17;133
13177;Georgia;Lee County;33215;33194;33642;53;-21;448
13179;Georgia;Liberty County;65317;66844;68030;43;1527;1186
13181;Georgia;Lincoln County;7701;7750;7841;13;49;91
13183;Georgia;Long County;16269;17089;18348;111;820;1259
13185;Georgia;Lowndes County;118415;118914;119739;166;499;825
13187;Georgia;Lumpkin County;33631;32890;34796;144;-741;1906
13189;Georgia;McDuffie County;21603;21636;21713;-22;33;77
13191;Georgia;McIntosh County;10987;11051;11180;12;64;129
13193;Georgia;Macon County;12021;11832;11765;-60;-189;-67
13195;Georgia;Madison County;30269;30883;31473;146;614;590
13197;Georgia;Marion County;7530;7426;7449;24;-104;23
13199;Georgia;Meriwether County;20606;20715;20845;-4;109;130
13201;Georgia;Miller County;5988;5886;5807;-9;-102;-79
13205;Georgia;Mitchell County;21668;21266;21116;-94;-402;-150
13207;Georgia;Monroe County;28055;28729;29427;100;674;698
13209;Georgia;Montgomery County;8574;8654;8655;-36;80;1
13211;Georgia;Morgan County;20198;20654;21031;102;456;377
13213;Georgia;Murray County;40012;40032;40472;30;20;440
13215;Georgia;Muscogee County;206998;205024;202616;76;-1974;-2408
13217;Georgia;Newton County;112843;115318;117621;352;2475;2303
13219;Georgia;Oconee County;42013;43025;43588;214;1012;563
13221;Georgia;Oglethorpe County;14867;15142;15469;43;275;327
13223;Georgia;Paulding County;169570;173921;178421;910;4351;4500
13225;Georgia;Peach County;28040;28245;28562;51;205;317
13227;Georgia;Pickens County;33339;33990;34826;124;651;836
13229;Georgia;Pierce County;19746;19975;20168;30;229;193
13231;Georgia;Pike County;18936;19534;19990;55;598;456
13233;Georgia;Polk County;42923;43332;43709;69;409;377
13235;Georgia;Pulaski County;9873;9582;9984;16;-291;402
13237;Georgia;Putnam County;22163;22643;22984;117;480;341
13239;Georgia;Quitman County;2228;2236;2249;-10;8;13
13241;Georgia;Rabun County;16914;17088;17206;32;174;118
13243;Georgia;Randolph County;6368;6253;6116;-55;-115;-137
13245;Georgia;Richmond County;206526;205358;206640;-81;-1168;1282
13247;Georgia;Rockdale County;93644;93961;94984;90;317;1023
13249;Georgia;Schley County;4534;4476;4496;-12;-58;20
13251;Georgia;Screven County;14078;14055;13977;12;-23;-78
13253;Georgia;Seminole County;9131;9142;9127;-21;11;-15
13255;Georgia;Spalding County;67455;67699;68919;154;244;1220
13257;Georgia;Stephens County;26820;26765;26767;33;-55;2
13259;Georgia;Stewart County;5304;4914;4648;-8;-390;-266
13261;Georgia;Sumter County;29516;28978;28877;-96;-538;-101
13263;Georgia;Talbot County;5726;5746;5747;-9;20;1
13265;Georgia;Taliaferro County;1562;1560;1600;0;-2;40
13267;Georgia;Tattnall County;24316;24132;24064;29;-184;-68
13269;Georgia;Taylor County;7819;7754;7737;3;-65;-17
13271;Georgia;Telfair County;12465;12330;12354;-12;-135;24
13273;Georgia;Terrell County;9138;8904;8754;-46;-234;-150
13275;Georgia;Thomas County;45785;45815;45561;-21;30;-254
13277;Georgia;Tift County;41374;41123;41412;27;-251;289
13279;Georgia;Toombs County;27081;26873;26837;50;-208;-36
13281;Georgia;Towns County;12545;12867;12972;58;322;105
13283;Georgia;Treutlen County;6396;6382;6365;-5;-14;-17
13285;Georgia;Troup County;69323;69479;70191;-104;156;712
13287;Georgia;Turner County;8983;8931;8842;-18;-52;-89
13289;Georgia;Twiggs County;8011;7899;7680;-12;-112;-219
13291;Georgia;Union County;24798;25560;26388;172;762;828
13293;Georgia;Upson County;27740;27673;28086;41;-67;413
13295;Georgia;Walker County;67742;68405;68915;82;663;510
13297;Georgia;Walton County;97153;99808;103065;484;2655;3257
13299;Georgia;Ware County;36225;35547;35614;-22;-678;67
13301;Georgia;Warren County;5208;5214;5155;-3;6;-59
13303;Georgia;Washington County;19948;19766;19738;-44;-182;-28
13305;Georgia;Wayne County;30145;30246;30896;1;101;650
13307;Georgia;Webster County;2352;2356;2328;3;4;-28
13309;Georgia;Wheeler County;7447;7748;7314;-32;301;-434
13311;Georgia;White County;28108;28393;28806;108;285;413
13313;Georgia;Whitfield County;102776;102688;103132;-90;-88;444
13315;Georgia;Wilcox County;8792;8746;8761;25;-46;15
13317;Georgia;Wilkes County;9556;9516;9599;-11;-40;83
13319;Georgia;Wilkinson County;8824;8791;8681;-44;-33;-110
13321;Georgia;Worth County;20738;20557;20424;-45;-181;-133
15001;Hawaii;Hawaii County;200712;203792;206315;81;3080;2523
15003;Hawaii;Honolulu County;1012305;1004673;995638;-4201;-7632;-9035
15005;Hawaii;Kalawao County;80;81;82;0;1;1
15007;Hawaii;Kauai County;73186;73791;73810;-108;605;19
15009;Hawaii;Maui County;164760;164817;164351;-2;57;-466
16001;Idaho;Ada County;498260;512914;518907;3296;14654;5993
16003;Idaho;Adams County;4425;4632;4817;45;207;185
16005;Idaho;Bannock County;87270;88349;89517;253;1079;1168
16007;Idaho;Bear Lake County;6367;6559;6722;-4;192;163
16009;Idaho;Benewah County;9576;9941;10370;45;365;429
16011;Idaho;Bingham County;48106;48898;49923;111;792;1025
16013;Idaho;Blaine County;24342;24767;24866;67;425;99
16015;Idaho;Boise County;7662;8121;8333;49;459;212
16017;Idaho;Bonner County;47402;49617;51414;297;2215;1797
16019;Idaho;Bonneville County;124716;128045;129496;761;3329;1451
16021;Idaho;Boundary County;12137;12635;13345;80;498;710
16023;Idaho;Butte County;2583;2650;2684;8;67;34
16025;Idaho;Camas County;1083;1129;1153;10;46;24
16027;Idaho;Canyon County;232998;243774;251065;1892;10776;7291
16029;Idaho;Caribou County;7012;7110;7190;-16;98;80
16031;Idaho;Cassia County;24760;25249;25655;67;489;406
16033;Idaho;Clark County;791;793;806;3;2;13
16035;Idaho;Clearwater County;8752;8917;9015;21;165;98
16037;Idaho;Custer County;4265;4434;4506;-9;169;72
16039;Idaho;Elmore County;28669;28941;29403;4;272;462
16041;Idaho;Franklin County;14284;14676;15189;88;392;513
16043;Idaho;Fremont County;13414;13606;13978;31;192;372
16045;Idaho;Gem County;19274;19832;20418;148;558;586
16047;Idaho;Gooding County;15643;15725;15715;44;82;-10
16049;Idaho;Idaho County;16588;17053;17593;46;465;540
16051;Idaho;Jefferson County;31077;32253;33428;188;1176;1175
16053;Idaho;Jerome County;24268;24745;25311;27;477;566
16055;Idaho;Kootenai County;172790;180146;183578;1416;7356;3432
16057;Idaho;Latah County;39629;40397;40978;111;768;581
16059;Idaho;Lemhi County;7958;8136;8240;-18;178;104
16061;Idaho;Lewis County;3528;3709;3763;0;181;54
16063;Idaho;Lincoln County;5129;5260;5329;6;131;69
16065;Idaho;Madison County;52929;54114;54976;21;1185;862
16067;Idaho;Minidoka County;21666;21945;22194;84;279;249
16069;Idaho;Nez Perce County;42141;42509;43004;52;368;495
16071;Idaho;Oneida County;4562;4588;4712;-1;26;124
16073;Idaho;Owyhee County;11994;12348;12613;80;354;265
16075;Idaho;Payette County;25583;26377;26956;198;794;579
16077;Idaho;Power County;7877;7959;8068;3;82;109
16079;Idaho;Shoshone County;13195;13659;14012;31;464;353
16081;Idaho;Teton County;11735;12294;12544;102;559;250
16083;Idaho;Twin Falls County;90361;92357;93696;316;1996;1339
16085;Idaho;Valley County;11842;12264;12464;98;422;200
16087;Idaho;Washington County;10559;10887;11087;59;328;200
17001;Illinois;Adams County;65612;65146;64725;-115;-466;-421
17003;Illinois;Alexander County;5173;5032;4858;-69;-141;-174
17005;Illinois;Bond County;16688;16633;16566;-41;-55;-67
17007;Illinois;Boone County;53334;53199;53154;-112;-135;-45
17009;Illinois;Brown County;6233;6443;6330;-14;210;-113
17011;Illinois;Bureau County;33172;32961;32828;-57;-211;-133
17013;Illinois;Calhoun County;4404;4385;4360;-31;-19;-25
17015;Illinois;Carroll County;15667;15674;15529;-38;7;-145
17017;Illinois;Cass County;12985;12798;12657;-59;-187;-141
17019;Illinois;Champaign County;205629;206708;206542;-234;1079;-166
17021;Illinois;Christian County;33950;33721;33436;-81;-229;-285
17023;Illinois;Clark County;15423;15354;15229;-34;-69;-125
17025;Illinois;Clay County;13271;13154;13047;-19;-117;-107
17027;Illinois;Clinton County;36913;36886;36909;7;-27;23
17029;Illinois;Coles County;46761;46809;46334;-104;48;-475
17031;Illinois;Cook County;5261249;5177606;5109292;-14273;-83643;-68314
17033;Illinois;Crawford County;18648;18691;18536;-24;43;-155
17035;Illinois;Cumberland County;10429;10343;10324;-19;-86;-19
17037;Illinois;DeKalb County;100253;100472;100232;-162;219;-240
17039;Illinois;De Witt County;15450;15379;15310;-60;-71;-69
17041;Illinois;Douglas County;19758;19740;19755;24;-18;15
17043;Illinois;DuPage County;931244;926448;920901;-1633;-4796;-5547
17045;Illinois;Edgar County;16796;16589;16433;-72;-207;-156
17047;Illinois;Edwards County;6208;6086;6071;-39;-122;-15
17049;Illinois;Effingham County;34695;34531;34325;24;-164;-206
17051;Illinois;Fayette County;21483;21447;21305;-9;-36;-142
17053;Illinois;Ford County;13517;13491;13249;-14;-26;-242
17055;Illinois;Franklin County;37685;37498;37242;-113;-187;-256
17057;Illinois;Fulton County;33488;33313;33021;-123;-175;-292
17059;Illinois;Gallatin County;4938;4907;4855;-10;-31;-52
17061;Illinois;Greene County;11936;11851;11651;-52;-85;-200
17063;Illinois;Grundy County;52517;52929;53041;-27;412;112
17065;Illinois;Hamilton County;7997;7923;7984;4;-74;61
17067;Illinois;Hancock County;17547;17388;17244;-74;-159;-144
17069;Illinois;Hardin County;3641;3650;3597;-6;9;-53
17071;Illinois;Henderson County;6334;6304;6151;-51;-30;-153
17073;Illinois;Henry County;49172;48868;48419;-118;-304;-449
17075;Illinois;Iroquois County;26977;26761;26473;-102;-216;-288
17077;Illinois;Jackson County;52906;52666;52617;-78;-240;-49
17079;Illinois;Jasper County;9240;9204;9212;-48;-36;8
17081;Illinois;Jefferson County;36998;36882;36400;-120;-116;-482
17083;Illinois;Jersey County;21495;21370;21246;-25;-125;-124
17085;Illinois;Jo Daviess County;22057;21932;21758;15;-125;-174
17087;Illinois;Johnson County;13322;13471;13381;12;149;-90
17089;Illinois;Kane County;516141;516183;514182;-379;42;-2001
17091;Illinois;Kankakee County;107250;106652;106074;-258;-598;-578
17093;Illinois;Kendall County;132348;134948;137254;480;2600;2306
17095;Illinois;Knox County;49799;49347;48640;-172;-452;-707
17097;Illinois;Lake County;713251;712160;709150;-1100;-1091;-3010
17099;Illinois;LaSalle County;109421;109139;108078;-242;-282;-1061
17101;Illinois;Lawrence County;15258;15216;14914;-25;-42;-302
17103;Illinois;Lee County;34051;34166;33848;-93;115;-318
17105;Illinois;Livingston County;35779;35741;35521;-37;-38;-220
17107;Illinois;Logan County;27899;27970;27591;-87;71;-379
17109;Illinois;McDonough County;27097;26848;26861;-140;-249;13
17111;Illinois;McHenry County;309886;311592;311747;-341;1706;155
17113;Illinois;McLean County;170954;171190;171141;-21;236;-49
17115;Illinois;Macon County;103756;102649;101483;-247;-1107;-1166
17117;Illinois;Macoupin County;44845;44545;44245;-122;-300;-300
17119;Illinois;Madison County;265610;264898;263864;-248;-712;-1034
17121;Illinois;Marion County;37639;37378;36914;-88;-261;-464
17123;Illinois;Marshall County;11706;11686;11678;-38;-20;-8
17125;Illinois;Mason County;13057;12859;12748;-34;-198;-111
17127;Illinois;Massac County;14138;13966;13896;-38;-172;-70
17129;Illinois;Menard County;12271;12184;12121;-25;-87;-63
17131;Illinois;Mercer County;15627;15568;15504;-67;-59;-64
17133;Illinois;Monroe County;34952;34993;35033;-1;41;40
17135;Illinois;Montgomery County;28203;28154;28020;-84;-49;-134
17137;Illinois;Morgan County;32838;32599;32209;-79;-239;-390
17139;Illinois;Moultrie County;14476;14509;14323;-47;33;-186
17141;Illinois;Ogle County;51694;51474;51351;-94;-220;-123
17143;Illinois;Peoria County;181322;179764;178383;-511;-1558;-1381
17145;Illinois;Perry County;20882;21033;20588;-58;151;-445
17147;Illinois;Piatt County;16674;16781;16723;2;107;-58
17149;Illinois;Pike County;14641;14609;14484;-96;-32;-125
17151;Illinois;Pope County;3758;3770;3770;-10;12;0
17153;Illinois;Pulaski County;5160;5073;4991;-31;-87;-82
17155;Illinois;Putnam County;5631;5596;5572;-7;-35;-24
17157;Illinois;Randolph County;30086;30219;30068;-79;133;-151
17159;Illinois;Richland County;15778;15685;15435;-22;-93;-250
17161;Illinois;Rock Island County;144359;142992;141527;-319;-1367;-1465
17163;Illinois;St. Clair County;256823;255022;252671;-580;-1801;-2351
17165;Illinois;Saline County;23688;23348;23087;-84;-340;-261
17167;Illinois;Sangamon County;196122;195422;194534;-216;-700;-888
17169;Illinois;Schuyler County;6871;6822;6746;-31;-49;-76
17171;Illinois;Scott County;4941;4855;4790;-6;-86;-65
17173;Illinois;Shelby County;20924;20861;20761;-71;-63;-100
17175;Illinois;Stark County;5391;5296;5345;-14;-95;49
17177;Illinois;Stephenson County;44493;44071;43627;-130;-422;-444
17179;Illinois;Tazewell County;131073;130563;129911;-261;-510;-652
17181;Illinois;Union County;17182;16937;16767;-61;-245;-170
17183;Illinois;Vermilion County;74001;73263;72337;-198;-738;-926
17185;Illinois;Wabash County;11315;11210;11087;-46;-105;-123
17187;Illinois;Warren County;16828;16595;16354;-12;-233;-241
17189;Illinois;Washington County;13731;13651;13643;-36;-80;-8
17191;Illinois;Wayne County;16125;15967;15872;-48;-158;-95
17193;Illinois;White County;13807;13768;13614;-65;-39;-154
17195;Illinois;Whiteside County;55553;55342;54658;-138;-211;-684
17197;Illinois;Will County;695844;697985;696757;-518;2141;-1228
17199;Illinois;Williamson County;67113;66943;66695;-41;-170;-248
17201;Illinois;Winnebago County;284928;283559;282188;-422;-1369;-1371
17203;Illinois;Woodford County;38395;38210;38128;-55;-185;-82
18001;Indiana;Adams County;35852;35939;36068;41;87;129
18003;Indiana;Allen County;386082;389112;391449;671;3030;2337
18005;Indiana;Bartholomew County;82216;82730;83540;-2;514;810
18007;Indiana;Benton County;8716;8714;8719;-4;-2;5
18009;Indiana;Blackford County;12111;12056;11919;-4;-55;-137
18011;Indiana;Boone County;71134;73006;74164;320;1872;1158
18013;Indiana;Brown County;15482;15573;15570;7;91;-3
18015;Indiana;Carroll County;20331;20502;20555;27;171;53
18017;Indiana;Cass County;37791;37579;37540;-79;-212;-39
18019;Indiana;Clark County;121353;122847;124237;262;1494;1390
18021;Indiana;Clay County;26419;26370;26379;-38;-49;9
18023;Indiana;Clinton County;33174;33025;32843;-14;-149;-182
18025;Indiana;Crawford County;10525;10491;10536;-5;-34;45
18027;Indiana;Daviess County;33366;33381;33418;-25;15;37
18029;Indiana;Dearborn County;50754;50946;51138;74;192;192
18031;Indiana;Decatur County;26465;26322;26416;-6;-143;94
18033;Indiana;DeKalb County;43297;43369;43731;24;72;362
18035;Indiana;Delaware County;111763;111981;112031;-146;218;50
18037;Indiana;Dubois County;43643;43625;43632;8;-18;7
18039;Indiana;Elkhart County;206983;207066;206890;-71;83;-176
18041;Indiana;Fayette County;23362;23376;23349;-42;14;-27
18043;Indiana;Floyd County;80509;80606;80714;35;97;108
18045;Indiana;Fountain County;16483;16466;16574;9;-17;108
18047;Indiana;Franklin County;22793;22857;23028;-3;64;171
18049;Indiana;Fulton County;20469;20380;20327;-11;-89;-53
18051;Indiana;Gibson County;33055;32954;32993;38;-101;39
18053;Indiana;Grant County;66475;66203;66022;-186;-272;-181
18055;Indiana;Greene County;30804;30826;31006;-1;22;180
18057;Indiana;Hamilton County;348966;357330;364921;1501;8364;7591
18059;Indiana;Hancock County;80187;81855;83070;336;1668;1215
18061;Indiana;Harrison County;39662;39817;39851;13;155;34
18063;Indiana;Hendricks County;175575;179555;182534;783;3980;2979
18065;Indiana;Henry County;48903;49036;48915;-9;133;-121
18067;Indiana;Howard County;83588;83642;83574;-71;54;-68
18069;Indiana;Huntington County;36646;36792;36834;-24;146;42
18071;Indiana;Jackson County;46461;46285;46300;36;-176;15
18073;Indiana;Jasper County;32892;33113;33281;-20;221;168
18075;Indiana;Jay County;20476;20309;20198;-2;-167;-111
18077;Indiana;Jefferson County;33100;33119;32946;-47;19;-173
18079;Indiana;Jennings County;27581;27507;27536;-33;-74;29
18081;Indiana;Johnson County;162224;164418;165782;456;2194;1364
18083;Indiana;Knox County;36248;35964;35789;-38;-284;-175
18085;Indiana;Kosciusko County;80155;80323;80826;-92;168;503
18087;Indiana;LaGrange County;40530;40538;40866;86;8;328
18089;Indiana;Lake County;498932;499327;499689;225;395;362
18091;Indiana;LaPorte County;112276;112486;111675;-146;210;-811
18093;Indiana;Lawrence County;45012;45045;45222;-3;33;177
18095;Indiana;Madison County;130195;130979;131744;54;784;765
18097;Indiana;Marion County;976631;971647;969466;-582;-4984;-2181
18099;Indiana;Marshall County;46076;46175;46332;-20;99;157
18101;Indiana;Martin County;9803;9799;9803;-3;-4;4
18103;Indiana;Miami County;35913;36032;35674;-59;119;-358
18105;Indiana;Monroe County;139571;140135;139745;-146;564;-390
18107;Indiana;Montgomery County;37942;38061;38273;1;119;212
18109;Indiana;Morgan County;71848;72260;72236;63;412;-24
18111;Indiana;Newton County;13786;13793;13823;-39;7;30
18113;Indiana;Noble County;47453;47419;47367;-8;-34;-52
18115;Indiana;Ohio County;5922;5992;6114;-8;70;122
18117;Indiana;Orange County;19848;19812;19623;-24;-36;-189
18119;Indiana;Owen County;21314;21432;21482;-12;118;50
18121;Indiana;Parke County;16155;16486;16369;1;331;-117
18123;Indiana;Perry County;19151;19317;19183;-19;166;-134
18125;Indiana;Pike County;12247;12178;12168;-5;-69;-10
18127;Indiana;Porter County;173295;174517;174791;87;1222;274
18129;Indiana;Posey County;25173;25129;25063;-40;-44;-66
18131;Indiana;Pulaski County;12523;12370;12485;0;-153;115
18133;Indiana;Putnam County;36679;37016;37301;-49;337;285
18135;Indiana;Randolph County;24409;24437;24437;-93;28;0
18137;Indiana;Ripley County;28968;29017;29087;-16;49;70
18139;Indiana;Rush County;16767;16699;16673;12;-68;-26
18141;Indiana;St. Joseph County;272672;272341;272234;-242;-331;-107
18143;Indiana;Scott County;24371;24437;24588;-12;66;151
18145;Indiana;Shelby County;45058;45025;44991;6;-33;-34
18147;Indiana;Spencer County;19835;19875;19967;21;40;92
18149;Indiana;Starke County;23380;23378;23258;10;-2;-120
18151;Indiana;Steuben County;34453;34666;34725;5;213;59
18153;Indiana;Sullivan County;20819;20781;20670;-1;-38;-111
18155;Indiana;Switzerland County;9742;9849;10006;-11;107;157
18157;Indiana;Tippecanoe County;186369;187566;188717;120;1197;1151
18159;Indiana;Tipton County;15386;15393;15361;31;7;-32
18161;Indiana;Union County;7081;7014;6952;-6;-67;-62
18163;Indiana;Vanderburgh County;180331;180267;179744;195;-64;-523
18165;Indiana;Vermillion County;15409;15440;15451;-38;31;11
18167;Indiana;Vigo County;106119;106084;106006;-39;-35;-78
18169;Indiana;Wabash County;30936;30897;30828;-50;-39;-69
18171;Indiana;Warren County;8424;8459;8461;-12;35;2
18173;Indiana;Warrick County;63996;64623;65185;100;627;562
18175;Indiana;Washington County;28242;28151;28224;66;-91;73
18177;Indiana;Wayne County;66513;66490;66273;-42;-23;-217
18179;Indiana;Wells County;28167;28177;28335;-20;10;158
18181;Indiana;White County;24668;24662;24598;-23;-6;-64
18183;Indiana;Whitley County;34338;34492;34627;148;154;135
19001;Iowa;Adair County;7494;7538;7494;-4;44;-44
19003;Iowa;Adams County;3710;3642;3611;2;-68;-31
19005;Iowa;Allamakee County;14068;13968;13960;7;-100;-8
19007;Iowa;Appanoose County;12285;12266;12094;-30;-19;-172
19009;Iowa;Audubon County;5681;5665;5598;5;-16;-67
19011;Iowa;Benton County;25534;25719;25711;-37;185;-8
19013;Iowa;Black Hawk County;131034;130606;130274;-113;-428;-332
19015;Iowa;Boone County;26700;26776;26609;-15;76;-167
19017;Iowa;Bremer County;25003;25122;25259;15;119;137
19019;Iowa;Buchanan County;20606;20697;20714;41;91;17
19021;Iowa;Buena Vista County;20809;20767;20600;-21;-42;-167
19023;Iowa;Butler County;14332;14362;14269;-3;30;-93
19025;Iowa;Calhoun County;9882;9884;9725;-32;2;-159
19027;Iowa;Carroll County;20721;20752;20567;-36;31;-185
19029;Iowa;Cass County;13118;13065;13104;-14;-53;39
19031;Iowa;Cedar County;18491;18444;18399;-6;-47;-45
19033;Iowa;Cerro Gordo County;43023;42761;42409;-109;-262;-352
19035;Iowa;Cherokee County;11663;11532;11491;-1;-131;-41
19037;Iowa;Chickasaw County;11990;11899;11716;-25;-91;-183
19039;Iowa;Clarke County;9726;9756;9692;-18;30;-64
19041;Iowa;Clay County;16335;16428;16475;-46;93;47
19043;Iowa;Clayton County;17030;17047;17027;-15;17;-20
19045;Iowa;Clinton County;46432;46526;46344;-38;94;-182
19047;Iowa;Crawford County;16490;16243;16123;-36;-247;-120
19049;Iowa;Dallas County;100473;104069;108016;796;3596;3947
19051;Iowa;Davis County;9112;9146;9130;2;34;-16
19053;Iowa;Decatur County;7605;7660;7683;-34;55;23
19055;Iowa;Delaware County;17456;17531;17568;-28;75;37
19057;Iowa;Des Moines County;38816;38507;38293;-91;-309;-214
19059;Iowa;Dickinson County;17766;17852;18028;62;86;176
19061;Iowa;Dubuque County;99291;98815;98677;27;-476;-138
19063;Iowa;Emmet County;9335;9318;9176;-48;-17;-142
19065;Iowa;Fayette County;19445;19309;19294;-66;-136;-15
19067;Iowa;Floyd County;15590;15449;15337;-37;-141;-112
19069;Iowa;Franklin County;9997;9952;9916;-19;-45;-36
19071;Iowa;Fremont County;6567;6575;6464;-35;8;-111
19073;Iowa;Greene County;8752;8733;8741;-14;-19;8
19075;Iowa;Grundy County;12334;12371;12356;5;37;-15
19077;Iowa;Guthrie County;10613;10586;10647;-10;-27;61
19079;Iowa;Hamilton County;15008;14883;14820;-31;-125;-63
19081;Iowa;Hancock County;10757;10685;10685;-37;-72;0
19083;Iowa;Hardin County;16820;16719;16567;-53;-101;-152
19085;Iowa;Harrison County;14564;14683;14658;-14;119;-25
19087;Iowa;Henry County;20451;20390;20196;-37;-61;-194
19089;Iowa;Howard County;9492;9500;9533;24;8;33
19091;Iowa;Humboldt County;9595;9637;9572;-3;42;-65
19093;Iowa;Ida County;7019;6974;6888;17;-45;-86
19095;Iowa;Iowa County;16654;16574;16475;-9;-80;-99
19097;Iowa;Jackson County;19452;19397;19324;-33;-55;-73
19099;Iowa;Jasper County;37810;37874;37938;1;64;64
19101;Iowa;Jefferson County;15693;15762;15698;28;69;-64
19103;Iowa;Johnson County;153042;155016;156420;181;1974;1404
19105;Iowa;Jones County;20653;20839;20848;7;186;9
19107;Iowa;Keokuk County;10012;9924;9904;-23;-88;-20
19109;Iowa;Kossuth County;14794;14524;14475;-28;-270;-49
19111;Iowa;Lee County;33520;33208;32840;-28;-312;-368
19113;Iowa;Linn County;230411;229458;229033;108;-953;-425
19115;Iowa;Louisa County;10821;10747;10677;-16;-74;-70
19117;Iowa;Lucas County;8620;8696;8689;-16;76;-7
19119;Iowa;Lyon County;11927;12061;12179;-7;134;118
19121;Iowa;Madison County;16628;16789;17036;83;161;247
19123;Iowa;Mahaska County;22147;21944;21946;-33;-203;2
19125;Iowa;Marion County;33408;33444;33642;-9;36;198
19127;Iowa;Marshall County;40093;39899;39879;-11;-194;-20
19129;Iowa;Mills County;14399;14464;14553;-87;65;89
19131;Iowa;Mitchell County;10588;10563;10532;25;-25;-31
19133;Iowa;Monona County;8746;8595;8486;-11;-151;-109
19135;Iowa;Monroe County;7597;7595;7550;23;-2;-45
19137;Iowa;Montgomery County;10330;10325;10205;1;-5;-120
19139;Iowa;Muscatine County;43141;42688;42377;-101;-453;-311
19141;Iowa;O'Brien County;14154;14062;14060;-33;-92;-2
19143;Iowa;Osceola County;6202;6163;6036;6;-39;-127
19145;Iowa;Page County;15196;15215;15143;-17;19;-72
19147;Iowa;Palo Alto County;8989;8909;8764;-10;-80;-145
19149;Iowa;Plymouth County;25689;25714;25681;-8;25;-33
19151;Iowa;Pocahontas County;7067;7057;7053;-10;-10;-4
19153;Iowa;Polk County;492997;497675;501089;586;4678;3414
19155;Iowa;Pottawattamie County;93670;93434;93173;0;-236;-261
19157;Iowa;Poweshiek County;18628;18603;18467;-30;-25;-136
19159;Iowa;Ringgold County;4642;4626;4670;-21;-16;44
19161;Iowa;Sac County;9794;9745;9673;-23;-49;-72
19163;Iowa;Scott County;174596;174278;173924;-73;-318;-354
19165;Iowa;Shelby County;11723;11773;11645;-25;50;-128
19167;Iowa;Sioux County;35887;35991;36050;17;104;59
19169;Iowa;Story County;98645;99666;99673;109;1021;7
19171;Iowa;Tama County;17077;16874;16903;-53;-203;29
19173;Iowa;Taylor County;5865;5873;5858;-31;8;-15
19175;Iowa;Union County;12132;12036;11887;-13;-96;-149
19177;Iowa;Van Buren County;7217;7261;7256;14;44;-5
19179;Iowa;Wapello County;35330;35283;35043;-115;-47;-240
19181;Iowa;Warren County;52588;53487;54327;186;899;840
19183;Iowa;Washington County;22540;22494;22571;-27;-46;77
19185;Iowa;Wayne County;6504;6511;6467;9;7;-44
19187;Iowa;Webster County;36985;37178;36626;-11;193;-552
19189;Iowa;Winnebago County;10662;10664;10617;-21;2;-47
19191;Iowa;Winneshiek County;20037;19915;19974;-24;-122;59
19193;Iowa;Woodbury County;105904;105816;105671;-40;-88;-145
19195;Iowa;Worth County;7435;7380;7319;-9;-55;-61
19197;Iowa;Wright County;12915;12811;12681;-26;-104;-130
20001;Kansas;Allen County;12532;12526;12579;10;-6;53
20003;Kansas;Anderson County;7843;7800;7776;4;-43;-24
20005;Kansas;Atchison County;16318;16257;16108;-23;-61;-149
20007;Kansas;Barber County;4203;4099;4122;-30;-104;23
20009;Kansas;Barton County;25419;25239;25080;-76;-180;-159
20011;Kansas;Bourbon County;14333;14336;14493;-28;3;157
20013;Kansas;Brown County;9482;9453;9364;-29;-29;-89
20015;Kansas;Butler County;67390;67958;68240;7;568;282
20017;Kansas;Chase County;2574;2598;2548;-2;24;-50
20019;Kansas;Chautauqua County;3385;3391;3415;2;6;24
20021;Kansas;Cherokee County;19297;19208;19088;-60;-89;-120
20023;Kansas;Cheyenne County;2615;2624;2583;-1;9;-41
20025;Kansas;Clark County;1974;1958;1933;-14;-16;-25
20027;Kansas;Clay County;8122;8091;8043;10;-31;-48
20029;Kansas;Cloud County;9008;8954;8946;-26;-54;-8
20031;Kansas;Coffey County;8356;8343;8280;-2;-13;-63
20033;Kansas;Comanche County;1680;1660;1681;-7;-20;21
20035;Kansas;Cowley County;34524;34652;34453;-23;128;-199
20037;Kansas;Crawford County;38951;39033;39078;-25;82;45
20039;Kansas;Decatur County;2765;2764;2689;-5;-1;-75
20041;Kansas;Dickinson County;18368;18483;18430;-29;115;-53
20043;Kansas;Doniphan County;7463;7442;7440;-35;-21;-2
20045;Kansas;Douglas County;118777;119480;119964;-7;703;484
20047;Kansas;Edwards County;2883;2800;2739;-18;-83;-61
20049;Kansas;Elk County;2474;2431;2441;-5;-43;10
20051;Kansas;Ellis County;28943;28897;28941;11;-46;44
20053;Kansas;Ellsworth County;6369;6320;6355;-14;-49;35
20055;Kansas;Finney County;38302;38066;37650;-165;-236;-416
20057;Kansas;Ford County;34208;34121;33848;-74;-87;-273
20059;Kansas;Franklin County;26008;26021;25992;14;13;-29
20061;Kansas;Geary County;36751;36112;35691;21;-639;-421
20063;Kansas;Gove County;2707;2735;2717;-10;28;-18
20065;Kansas;Graham County;2408;2408;2411;-9;0;3
20067;Kansas;Grant County;7326;7318;7197;-27;-8;-121
20069;Kansas;Gray County;5646;5672;5729;-8;26;57
20071;Kansas;Greeley County;1274;1280;1223;-8;6;-57
20073;Kansas;Greenwood County;5965;5922;5939;-41;-43;17
20075;Kansas;Hamilton County;2489;2468;2430;-29;-21;-38
20077;Kansas;Harper County;5465;5329;5323;-19;-136;-6
20079;Kansas;Harvey County;33998;33827;33801;-36;-171;-26
20081;Kansas;Haskell County;3759;3646;3576;-22;-113;-70
20083;Kansas;Hodgeman County;1739;1750;1755;16;11;5
20085;Kansas;Jackson County;13241;13270;13286;7;29;16
20087;Kansas;Jefferson County;18320;18419;18344;-39;99;-75
20089;Kansas;Jewell County;2936;2946;2898;-2;10;-48
20091;Kansas;Johnson County;611101;614848;619195;1237;3747;4347
20093;Kansas;Kearny County;3961;3892;3855;-20;-69;-37
20095;Kansas;Kingman County;7412;7280;7193;-49;-132;-87
20097;Kansas;Kiowa County;2452;2408;2404;-6;-44;-4
20099;Kansas;Labette County;20165;19929;19757;-23;-236;-172
20101;Kansas;Lane County;1569;1572;1556;-5;3;-16
20103;Kansas;Leavenworth County;81953;82322;82892;56;369;570
20105;Kansas;Lincoln County;2948;2907;2899;8;-41;-8
20107;Kansas;Linn County;9586;9730;9796;-5;144;66
20109;Kansas;Logan County;2743;2710;2705;-19;-33;-5
20111;Kansas;Lyon County;32107;31987;31898;-70;-120;-89
20113;Kansas;McPherson County;30180;30137;30012;-40;-43;-125
20115;Kansas;Marion County;11778;11756;11868;-41;-22;112
20117;Kansas;Marshall County;10026;10010;9982;-12;-16;-28
20119;Kansas;Meade County;4054;3989;3897;-1;-65;-92
20121;Kansas;Miami County;34232;34665;34867;27;433;202
20123;Kansas;Mitchell County;5772;5757;5738;-20;-15;-19
20125;Kansas;Montgomery County;31393;31202;30996;-91;-191;-206
20127;Kansas;Morris County;5367;5362;5349;-22;-5;-13
20129;Kansas;Morton County;2697;2669;2599;0;-28;-70
20131;Kansas;Nemaha County;10265;10216;10115;-12;-49;-101
20133;Kansas;Neosho County;15905;15779;15606;3;-126;-173
20135;Kansas;Ness County;2667;2651;2645;-9;-16;-6
20137;Kansas;Norton County;5453;5369;5301;-5;-84;-68
20139;Kansas;Osage County;15746;15746;15654;-24;0;-92
20141;Kansas;Osborne County;3497;3485;3490;-4;-12;5
20143;Kansas;Ottawa County;5728;5834;5795;-1;106;-39
20145;Kansas;Pawnee County;6261;6246;6179;2;-15;-67
20147;Kansas;Phillips County;4977;4845;4809;-13;-132;-36
20149;Kansas;Pottawatomie County;25411;25860;26273;67;449;413
20151;Kansas;Pratt County;9148;9180;9067;-11;32;-113
20153;Kansas;Rawlins County;2565;2559;2528;5;-6;-31
20155;Kansas;Reno County;61887;61510;61516;-11;-377;6
20157;Kansas;Republic County;4677;4682;4642;-5;5;-40
20159;Kansas;Rice County;9385;9406;9407;-38;21;1
20161;Kansas;Riley County;72013;71849;71108;50;-164;-741
20163;Kansas;Rooks County;4895;4870;4813;-26;-25;-57
20165;Kansas;Rush County;2938;2925;2927;-13;-13;2
20167;Kansas;Russell County;6670;6677;6639;-14;7;-38
20169;Kansas;Saline County;54253;53899;53596;-48;-354;-303
20171;Kansas;Scott County;5138;5121;5014;-13;-17;-107
20173;Kansas;Sedgwick County;524786;524481;525525;956;-305;1044
20175;Kansas;Seward County;21854;21747;21358;-108;-107;-389
20177;Kansas;Shawnee County;178698;178367;177480;-211;-331;-887
20179;Kansas;Sheridan County;2451;2452;2425;3;1;-27
20181;Kansas;Sherman County;5895;5911;5830;-33;16;-81
20183;Kansas;Smith County;3552;3555;3533;-8;3;-22
20185;Kansas;Stafford County;4055;4008;3993;-15;-47;-15
20187;Kansas;Stanton County;2083;2041;1963;-2;-42;-78
20189;Kansas;Stevens County;5246;5299;5175;-6;53;-124
20191;Kansas;Sumner County;22342;22386;22473;-50;44;87
20193;Kansas;Thomas County;7933;7942;7893;0;9;-49
20195;Kansas;Trego County;2805;2792;2752;-2;-13;-40
20197;Kansas;Wabaunsee County;6885;6969;7019;13;84;50
20199;Kansas;Wallace County;1517;1514;1488;0;-3;-26
20201;Kansas;Washington County;5532;5526;5501;0;-6;-25
20203;Kansas;Wichita County;2149;2081;2064;-4;-68;-17
20205;Kansas;Wilson County;8576;8537;8622;-49;-39;85
20207;Kansas;Woodson County;3091;3076;3109;-24;-15;33
20209;Kansas;Wyandotte County;168904;167290;165746;-326;-1614;-1544
21001;Kentucky;Adair County;18880;18953;19067;-23;73;114
21003;Kentucky;Allen County;20573;20828;21275;-7;255;447
21005;Kentucky;Anderson County;23870;24043;24224;19;173;181
21007;Kentucky;Ballard County;7712;7690;7650;-18;-22;-40
21009;Kentucky;Barren County;44502;44599;44854;20;97;255
21011;Kentucky;Bath County;12716;12774;12829;-31;58;55
21013;Kentucky;Bell County;23984;23765;23568;-118;-219;-197
21015;Kentucky;Boone County;136465;137760;139093;470;1295;1333
21017;Kentucky;Bourbon County;20290;20218;20093;40;-72;-125
21019;Kentucky;Boyd County;48197;47767;48110;-56;-430;343
21021;Kentucky;Boyle County;30753;30649;30904;134;-104;255
21023;Kentucky;Bracken County;8402;8446;8452;-1;44;6
21025;Kentucky;Breathitt County;13694;13527;13351;-23;-167;-176
21027;Kentucky;Breckinridge County;20443;20652;20943;10;209;291
21029;Kentucky;Bullitt County;82355;83076;83836;129;721;760
21031;Kentucky;Butler County;12318;12279;12295;-53;-39;16
21033;Kentucky;Caldwell County;12634;12644;12570;-14;10;-74
21035;Kentucky;Calloway County;37145;37489;37685;47;344;196
21037;Kentucky;Campbell County;93129;92856;93300;54;-273;444
21039;Kentucky;Carlisle County;4806;4760;4720;-13;-46;-40
21041;Kentucky;Carroll County;10836;10884;10938;27;48;54
21043;Kentucky;Carter County;26607;26432;26395;-19;-175;-37
21045;Kentucky;Casey County;15924;15951;15920;-22;27;-31
21047;Kentucky;Christian County;72768;73221;73037;-50;453;-184
21049;Kentucky;Clark County;37037;36925;37061;44;-112;136
21051;Kentucky;Clay County;20310;20184;19913;-29;-126;-271
21053;Kentucky;Clinton County;9232;9288;9123;-21;56;-165
21055;Kentucky;Crittenden County;9002;8939;8981;14;-63;42
21057;Kentucky;Cumberland County;5860;5892;5946;-27;32;54
21059;Kentucky;Daviess County;103391;103140;103222;71;-251;82
21061;Kentucky;Edmonson County;12153;12213;12269;20;60;56
21063;Kentucky;Elliott County;7333;7375;7293;-19;42;-82
21065;Kentucky;Estill County;14161;14090;14044;-5;-71;-46
21067;Kentucky;Fayette County;322613;320473;320347;46;-2140;-126
21069;Kentucky;Fleming County;15098;15268;15288;12;170;20
21071;Kentucky;Floyd County;35804;35300;34978;-144;-504;-322
21073;Kentucky;Franklin County;51589;51683;51607;50;94;-76
21075;Kentucky;Fulton County;6512;6513;6382;-3;1;-131
21077;Kentucky;Gallatin County;8672;8766;8763;-21;94;-3
21079;Kentucky;Garrard County;16965;17385;17589;16;420;204
21081;Kentucky;Grant County;25014;25302;25502;68;288;200
21083;Kentucky;Graves County;36527;36634;36412;-130;107;-222
21085;Kentucky;Grayson County;26454;26582;26631;36;128;49
21087;Kentucky;Green County;11130;11308;11365;21;178;57
21089;Kentucky;Greenup County;35887;35682;35403;-83;-205;-279
21091;Kentucky;Hancock County;9105;9083;9021;8;-22;-62
21093;Kentucky;Hardin County;110816;111766;111862;122;950;96
21095;Kentucky;Harlan County;26752;26177;25662;-81;-575;-515
21097;Kentucky;Harrison County;18718;18964;19103;26;246;139
21099;Kentucky;Hart County;19289;19485;19600;8;196;115
21101;Kentucky;Henderson County;44668;44417;44046;-123;-251;-371
21103;Kentucky;Henry County;15697;15704;15771;15;7;67
21105;Kentucky;Hickman County;4530;4430;4422;7;-100;-8
21107;Kentucky;Hopkins County;45366;45096;44812;-56;-270;-284
21109;Kentucky;Jackson County;12962;12987;12973;4;25;-14
21111;Kentucky;Jefferson County;782783;777378;773399;-173;-5405;-3979
21113;Kentucky;Jessamine County;53016;53609;54254;29;593;645
21115;Kentucky;Johnson County;22644;22539;22244;-35;-105;-295
21117;Kentucky;Kenton County;169246;169734;170313;218;488;579
21119;Kentucky;Knott County;14163;14033;13874;-90;-130;-159
21121;Kentucky;Knox County;30183;30019;29791;-13;-164;-228
21123;Kentucky;Larue County;14877;15024;15163;8;147;139
21125;Kentucky;Laurel County;62728;62592;62885;115;-136;293
21127;Kentucky;Lawrence County;16303;16268;16109;10;-35;-159
21129;Kentucky;Lee County;7372;7454;7261;-22;82;-193
21131;Kentucky;Leslie County;10471;10298;10093;-45;-173;-205
21133;Kentucky;Letcher County;21465;21245;20893;-86;-220;-352
21135;Kentucky;Lewis County;13082;13006;12954;3;-76;-52
21137;Kentucky;Lincoln County;24249;24227;24360;-27;-22;133
21139;Kentucky;Livingston County;8873;8984;8963;-19;111;-21
21141;Kentucky;Logan County;27515;27815;27877;82;300;62
21143;Kentucky;Lyon County;8678;8436;9101;-5;-242;665
21145;Kentucky;McCracken County;67911;67612;67490;40;-299;-122
21147;Kentucky;McCreary County;16857;16681;16701;-30;-176;20
21149;Kentucky;McLean County;9134;9127;9105;-18;-7;-22
21151;Kentucky;Madison County;92983;93473;95187;276;490;1714
21153;Kentucky;Magoffin County;11604;11476;11357;-35;-128;-119
21155;Kentucky;Marion County;19588;19758;19775;11;170;17
21157;Kentucky;Marshall County;31685;31820;31777;24;135;-43
21159;Kentucky;Martin County;11249;11157;11095;-38;-92;-62
21161;Kentucky;Mason County;17130;16965;16930;9;-165;-35
21163;Kentucky;Meade County;30030;30132;30001;19;102;-131
21165;Kentucky;Menifee County;6135;6209;6250;21;74;41
21167;Kentucky;Mercer County;22652;22872;22902;9;220;30
21169;Kentucky;Metcalfe County;10286;10363;10370;-2;77;7
21171;Kentucky;Monroe County;11316;11269;11355;-20;-47;86
21173;Kentucky;Montgomery County;28104;28231;28367;0;127;136
21175;Kentucky;Morgan County;13729;13682;14120;5;-47;438
21177;Kentucky;Muhlenberg County;30886;30072;30455;-44;-814;383
21179;Kentucky;Nelson County;46784;47149;47392;47;365;243
21181;Kentucky;Nicholas County;7540;7750;7805;8;210;55
21183;Kentucky;Ohio County;23746;23730;23527;-26;-16;-203
21185;Kentucky;Oldham County;67692;68232;69431;83;540;1199
21187;Kentucky;Owen County;11304;11307;11290;33;3;-17
21189;Kentucky;Owsley County;4031;3967;3929;-21;-64;-38
21191;Kentucky;Pendleton County;14652;14611;14676;0;-41;65
21193;Kentucky;Perry County;28360;27906;27361;-105;-454;-545
21195;Kentucky;Pike County;58443;57362;56286;-220;-1081;-1076
21197;Kentucky;Powell County;13095;13110;13083;-33;15;-27
21199;Kentucky;Pulaski County;65104;65561;65795;71;457;234
21201;Kentucky;Robertson County;2181;2250;2229;-11;69;-21
21203;Kentucky;Rockcastle County;16064;16151;16242;22;87;91
21205;Kentucky;Rowan County;24716;24586;24388;62;-130;-198
21207;Kentucky;Russell County;17995;18195;18178;5;200;-17
21209;Kentucky;Scott County;57520;58312;59099;367;792;787
21211;Kentucky;Shelby County;48243;48580;48886;142;337;306
21213;Kentucky;Simpson County;19626;19716;19949;31;90;233
21215;Kentucky;Spencer County;19510;19895;20204;77;385;309
21217;Kentucky;Taylor County;26000;26158;26407;-19;158;249
21219;Kentucky;Todd County;12289;12321;12404;40;32;83
21221;Kentucky;Trigg County;14080;14202;14332;23;122;130
21223;Kentucky;Trimble County;8461;8553;8539;-9;92;-14
21225;Kentucky;Union County;13665;13166;12961;-5;-499;-205
21227;Kentucky;Warren County;135013;137148;139843;462;2135;2695
21229;Kentucky;Washington County;12042;12091;12061;14;49;-30
21231;Kentucky;Wayne County;19542;19569;19681;-17;27;112
21233;Kentucky;Webster County;13017;12857;12726;3;-160;-131
21235;Kentucky;Whitley County;36695;36699;36873;-20;4;174
21237;Kentucky;Wolfe County;6556;6491;6400;-5;-65;-91
21239;Kentucky;Woodford County;26902;27090;27062;28;188;-28
22001;Louisiana;Acadia Parish;57472;57262;56744;-97;-210;-518
22003;Louisiana;Allen Parish;22684;22604;22320;-67;-80;-284
22005;Louisiana;Ascension Parish;126966;128502;130458;468;1536;1956
22007;Louisiana;Assumption Parish;20957;20726;20604;-83;-231;-122
22009;Louisiana;Avoyelles Parish;39638;39265;38751;-52;-373;-514
22011;Louisiana;Beauregard Parish;36600;36619;36570;46;19;-49
22013;Louisiana;Bienville Parish;12918;12800;12641;-71;-118;-159
22015;Louisiana;Bossier Parish;128717;129402;129276;-19;685;-126
22017;Louisiana;Caddo Parish;236928;232741;229025;-929;-4187;-3716
22019;Louisiana;Calcasieu Parish;216465;205095;202418;-314;-11370;-2677
22021;Louisiana;Caldwell Parish;9611;9593;9554;-31;-18;-39
22023;Louisiana;Cameron Parish;5623;5099;4902;4;-524;-197
22025;Louisiana;Catahoula Parish;8841;8712;8566;-62;-129;-146
22027;Louisiana;Claiborne Parish;14103;13990;13744;-65;-113;-246
22029;Louisiana;Concordia Parish;18568;18373;18116;-113;-195;-257
22031;Louisiana;De Soto Parish;26838;26934;26853;29;96;-81
22033;Louisiana;East Baton Rouge Parish;455886;453653;450544;-895;-2233;-3109
22035;Louisiana;East Carroll Parish;7397;7242;6990;-63;-155;-252
22037;Louisiana;East Feliciana Parish;19450;19319;19135;-86;-131;-184
22039;Louisiana;Evangeline Parish;32304;32190;31986;-47;-114;-204
22041;Louisiana;Franklin Parish;19712;19593;19308;-62;-119;-285
22043;Louisiana;Grant Parish;22135;22212;22000;-28;77;-212
22045;Louisiana;Iberia Parish;70054;69298;68327;-239;-756;-971
22047;Louisiana;Iberville Parish;30058;29713;29506;-182;-345;-207
22049;Louisiana;Jackson Parish;14997;14922;14839;-37;-75;-83
22051;Louisiana;Jefferson Parish;439712;433929;425884;-1082;-5783;-8045
22053;Louisiana;Jefferson Davis Parish;32210;32413;32026;-40;203;-387
22055;Louisiana;Lafayette Parish;242148;244922;247866;392;2774;2944
22057;Louisiana;Lafourche Parish;97434;97537;95870;-118;103;-1667
22059;Louisiana;LaSalle Parish;14822;14793;14729;25;-29;-64
22061;Louisiana;Lincoln Parish;48304;48153;48129;-94;-151;-24
22063;Louisiana;Livingston Parish;142824;146230;148425;540;3406;2195
22065;Louisiana;Madison Parish;9923;9804;9478;-92;-119;-326
22067;Louisiana;Morehouse Parish;25453;25000;24446;-176;-453;-554
22069;Louisiana;Natchitoches Parish;37388;36995;36663;-131;-393;-332
22071;Louisiana;Orleans Parish;383218;377063;369749;-780;-6155;-7314
22073;Louisiana;Ouachita Parish;160096;158919;157702;-268;-1177;-1217
22075;Louisiana;Plaquemines Parish;23458;23284;22516;-57;-174;-768
22077;Louisiana;Pointe Coupee Parish;20670;20323;20151;-87;-347;-172
22079;Louisiana;Rapides Parish;129657;128748;127189;-373;-909;-1559
22081;Louisiana;Red River Parish;7587;7490;7420;-37;-97;-70
22083;Louisiana;Richland Parish;20032;19890;19826;-17;-142;-64
22085;Louisiana;Sabine Parish;22093;22098;21985;-51;5;-113
22087;Louisiana;St. Bernard Parish;43853;44330;44479;87;477;149
22089;Louisiana;St. Charles Parish;52507;52405;50998;-41;-102;-1407
22091;Louisiana;St. Helena Parish;10901;10921;10822;-24;20;-99
22093;Louisiana;St. James Parish;20117;19790;19423;-77;-327;-367
22095;Louisiana;St. John the Baptist Parish;42355;42021;39864;-122;-334;-2157
22097;Louisiana;St. Landry Parish;82302;82283;81773;-250;-19;-510
22099;Louisiana;St. Martin Parish;51628;51573;51236;-138;-55;-337
22101;Louisiana;St. Mary Parish;49143;48188;47789;-262;-955;-399
22103;Louisiana;St. Tammany Parish;264986;270087;273263;411;5101;3176
22105;Louisiana;Tangipahoa Parish;133635;135508;137048;486;1873;1540
22107;Louisiana;Tensas Parish;4107;4034;3846;-40;-73;-188
22109;Louisiana;Terrebonne Parish;109405;109013;104786;-178;-392;-4227
22111;Louisiana;Union Parish;21090;20996;20721;-16;-94;-275
22113;Louisiana;Vermilion Parish;56918;56854;56952;-55;-64;98
22115;Louisiana;Vernon Parish;48625;48056;47247;-129;-569;-809
22117;Louisiana;Washington Parish;45344;45176;45025;-112;-168;-151
22119;Louisiana;Webster Parish;36875;36024;35643;-88;-851;-381
22121;Louisiana;West Baton Rouge Parish;27258;27805;28034;57;547;229
22123;Louisiana;West Carroll Parish;9693;9596;9475;-62;-97;-121
22125;Louisiana;West Feliciana Parish;15250;15481;15381;-57;231;-100
22127;Louisiana;Winn Parish;13721;13507;13205;-34;-214;-302
23001;Maine;Androscoggin County;111180;112648;113023;33;1468;375
23003;Maine;Aroostook County;67064;67022;67255;-43;-42;233
23005;Maine;Cumberland County;303570;306149;307451;494;2579;1302
23007;Maine;Franklin County;29460;30275;30474;13;815;199
23009;Maine;Hancock County;55500;56403;56701;23;903;298
23011;Maine;Kennebec County;123832;124824;125540;196;992;716
23013;Maine;Knox County;40657;41074;41164;49;417;90
23015;Maine;Lincoln County;35249;35985;36215;9;736;230
23017;Maine;Oxford County;57894;58719;59495;128;825;776
23019;Maine;Penobscot County;152165;152834;153704;-37;669;870
23021;Maine;Piscataquis County;16805;17184;17417;6;379;233
23023;Maine;Sagadahoc County;36724;37190;37393;25;466;203
23025;Maine;Somerset County;50460;50715;51098;-12;255;383
23027;Maine;Waldo County;39654;39984;40241;58;330;257
23029;Maine;Washington County;31087;31166;31437;-1;79;271
23031;Maine;York County;212256;215066;216732;275;2810;1666
24001;Maryland;Allegany County;67955;67691;67267;-160;-264;-424
24003;Maryland;Anne Arundel County;589054;592052;593286;789;2998;1234
24005;Maryland;Baltimore County;853325;850634;846161;-1229;-2691;-4473
24009;Maryland;Calvert County;92905;94226;94573;120;1321;347
24011;Maryland;Caroline County;33273;33413;33433;-26;140;20
24013;Maryland;Carroll County;172923;174208;175305;33;1285;1097
24015;Maryland;Cecil County;103793;104096;104942;67;303;846
24017;Maryland;Charles County;166726;168870;170102;105;2144;1232
24019;Maryland;Dorchester County;32528;32625;32726;-2;97;101
24021;Maryland;Frederick County;272765;280410;287079;1056;7645;6669
24023;Maryland;Garrett County;28792;28757;28579;-12;-35;-178
24025;Maryland;Harford County;261213;263292;263867;289;2079;575
24027;Maryland;Howard County;332786;335287;335411;470;2501;124
24029;Maryland;Kent County;19114;19254;19320;-81;140;66
24031;Maryland;Montgomery County;1060825;1055924;1052521;-1229;-4901;-3403
24033;Maryland;Prince George's County;965290;956254;946971;-1904;-9036;-9283
24035;Maryland;Queen Anne's County;50023;50900;51711;152;877;811
24037;Maryland;St. Mary's County;113987;114664;114877;212;677;213
24039;Maryland;Somerset County;24564;24528;24546;-54;-36;18
24041;Maryland;Talbot County;37481;37796;37932;-39;315;136
24043;Maryland;Washington County;154677;155197;155590;-32;520;393
24045;Maryland;Wicomico County;103556;104181;104664;-30;625;483
24047;Maryland;Worcester County;52511;53370;53866;51;859;496
24510;Maryland;Baltimore city;583139;576981;569931;-2554;-6158;-7050
25001;Massachusetts;Barnstable County;228856;232594;232457;-148;3738;-137
25003;Massachusetts;Berkshire County;128774;128621;127859;-262;-153;-762
25005;Massachusetts;Bristol County;576737;579895;580068;-2473;3158;173
25007;Massachusetts;Dukes County;20579;21109;20868;-16;530;-241
25009;Massachusetts;Essex County;808491;807485;806765;-1327;-1006;-720
25011;Massachusetts;Franklin County;70930;70943;70894;-105;13;-49
25013;Massachusetts;Hampden County;464407;462849;461041;-1427;-1558;-1808
25015;Massachusetts;Hampshire County;146592;163088;162588;-15713;16496;-500
25017;Massachusetts;Middlesex County;1628671;1617099;1617105;-3331;-11572;6
25019;Massachusetts;Nantucket County;14237;14499;14421;-14;262;-78
25021;Massachusetts;Norfolk County;724322;724692;725531;-1677;370;839
25023;Massachusetts;Plymouth County;530154;532919;533069;-666;2765;150
25025;Massachusetts;Suffolk County;793271;771765;766381;-4670;-21506;-5384
25027;Massachusetts;Worcester County;859708;862132;862927;-2391;2424;795
26001;Michigan;Alcona County;10189;10300;10417;22;111;117
26003;Michigan;Alger County;8842;8789;8807;5;-53;18
26005;Michigan;Allegan County;120647;121010;121210;148;363;200
26007;Michigan;Alpena County;28880;28916;28847;-29;36;-69
26009;Michigan;Antrim County;23459;23884;24249;31;425;365
26011;Michigan;Arenac County;15003;15000;15089;-4;-3;89
26013;Michigan;Baraga County;8140;8291;8277;-9;151;-14
26015;Michigan;Barry County;62598;63170;63554;170;572;384
26017;Michigan;Bay County;103733;103251;102821;-123;-482;-430
26019;Michigan;Benzie County;17997;18236;18297;24;239;61
26021;Michigan;Berrien County;154183;153377;152900;-137;-806;-477
26023;Michigan;Branch County;44868;45202;44531;8;334;-671
26025;Michigan;Calhoun County;134184;133878;133289;-109;-306;-589
26027;Michigan;Cass County;51550;51501;51403;-41;-49;-98
26029;Michigan;Charlevoix County;26034;26215;26293;-17;181;78
26031;Michigan;Cheboygan County;25584;25735;25940;-2;151;205
26033;Michigan;Chippewa County;36781;35867;36293;-3;-914;426
26035;Michigan;Clare County;30834;31128;31352;-23;294;224
26037;Michigan;Clinton County;79157;79499;79748;34;342;249
26039;Michigan;Crawford County;12993;13292;13491;-1;299;199
26041;Michigan;Delta County;36860;36834;36741;-36;-26;-93
26043;Michigan;Dickinson County;25898;25795;25874;-54;-103;79
26045;Michigan;Eaton County;109176;109030;108992;2;-146;-38
26047;Michigan;Emmet County;34104;34280;34163;-1;176;-117
26049;Michigan;Genesee County;405757;404662;401983;-460;-1095;-2679
26051;Michigan;Gladwin County;25375;25528;25728;-11;153;200
26053;Michigan;Gogebic County;14346;14356;14319;-31;10;-37
26055;Michigan;Grand Traverse County;95411;96013;96464;165;602;451
26057;Michigan;Gratiot County;41667;41269;41100;-85;-398;-169
26059;Michigan;Hillsdale County;45733;45609;45762;-26;-124;153
26061;Michigan;Houghton County;37238;37444;37035;-122;206;-409
26063;Michigan;Huron County;31371;31354;31248;-37;-17;-106
26065;Michigan;Ingham County;284640;271427;284108;-251;-13213;12681
26067;Michigan;Ionia County;66855;66797;66809;62;-58;12
26069;Michigan;Iosco County;25185;25374;25521;-45;189;147
26071;Michigan;Iron County;11628;11576;11622;0;-52;46
26073;Michigan;Isabella County;64513;64291;64447;117;-222;156
26075;Michigan;Jackson County;160225;160266;160066;-150;41;-200
26077;Michigan;Kalamazoo County;261767;260688;261173;104;-1079;485
26079;Michigan;Kalkaska County;17916;17958;18182;-12;42;224
26081;Michigan;Kent County;658460;659000;659083;476;540;83
26083;Michigan;Keweenaw County;2068;2118;2180;13;50;62
26085;Michigan;Lake County;12094;12261;12594;-6;167;333
26087;Michigan;Lapeer County;88572;88686;88780;-43;114;94
26089;Michigan;Leelanau County;22312;22630;22870;8;318;240
26091;Michigan;Lenawee County;99320;99202;98567;-104;-118;-635
26093;Michigan;Livingston County;193971;195277;196161;102;1306;884
26095;Michigan;Luce County;5336;5337;5330;-3;1;-7
26097;Michigan;Mackinac County;10816;10899;10941;-15;83;42
26099;Michigan;Macomb County;880176;877385;874195;-1043;-2791;-3190
26101;Michigan;Manistee County;25061;25299;25287;32;238;-12
26103;Michigan;Marquette County;66012;65800;66661;-8;-212;861
26105;Michigan;Mason County;29038;29381;29409;-25;343;28
26107;Michigan;Mecosta County;39792;40057;40720;79;265;663
26109;Michigan;Menominee County;23450;23323;23266;-50;-127;-57
26111;Michigan;Midland County;83481;83426;83674;-17;-55;248
26113;Michigan;Missaukee County;15057;15164;15213;9;107;49
26115;Michigan;Monroe County;154893;155646;155609;81;753;-37
26117;Michigan;Montcalm County;66648;67458;67433;26;810;-25
26119;Michigan;Montmorency County;9164;9302;9569;10;138;267
26121;Michigan;Muskegon County;175848;176612;176565;34;764;-47
26123;Michigan;Newaygo County;50095;50468;50886;124;373;418
26125;Michigan;Oakland County;1272413;1271891;1269431;-1982;-522;-2460
26127;Michigan;Oceana County;26713;26884;26973;55;171;89
26129;Michigan;Ogemaw County;20779;20783;20970;10;4;187
26131;Michigan;Ontonagon County;5805;5855;5863;-9;50;8
26133;Michigan;Osceola County;22906;23176;23274;16;270;98
26135;Michigan;Oscoda County;8239;8328;8404;14;89;76
26137;Michigan;Otsego County;25138;25351;25644;43;213;293
26139;Michigan;Ottawa County;296889;298317;300873;682;1428;2556
26141;Michigan;Presque Isle County;12997;13173;13361;16;176;188
26143;Michigan;Roscommon County;23466;23677;23708;16;211;31
26145;Michigan;Saginaw County;189860;189590;188330;-268;-270;-1260
26147;Michigan;St. Clair County;160375;160384;160151;-7;9;-233
26149;Michigan;St. Joseph County;60931;60850;60874;-8;-81;24
26151;Michigan;Sanilac County;40502;40604;40657;-117;102;53
26153;Michigan;Schoolcraft County;8056;8060;8188;7;4;128
26155;Michigan;Shiawassee County;68006;67998;68022;-89;-8;24
26157;Michigan;Tuscola County;53310;53046;52945;-12;-264;-101
26159;Michigan;Van Buren County;75576;75703;75692;-17;127;-11
26161;Michigan;Washtenaw County;371817;364998;366376;-448;-6819;1378
26163;Michigan;Wayne County;1789129;1773073;1757043;-4420;-16056;-16030
26165;Michigan;Wexford County;33685;33940;34196;17;255;256
27001;Minnesota;Aitkin County;15718;15945;16126;15;227;181
27003;Minnesota;Anoka County;364458;367416;368864;566;2958;1448
27005;Minnesota;Becker County;35194;35326;35371;18;132;45
27007;Minnesota;Beltrami County;46243;46420;46799;13;177;379
27009;Minnesota;Benton County;41357;41496;41463;-24;139;-33
27011;Minnesota;Big Stone County;5158;5162;5144;-10;4;-18
27013;Minnesota;Blue Earth County;69211;69361;69631;82;150;270
27015;Minnesota;Brown County;25903;25883;25723;-11;-20;-160
27017;Minnesota;Carlton County;36193;36455;36708;-8;262;253
27019;Minnesota;Carver County;107284;108826;110034;370;1542;1208
27021;Minnesota;Cass County;30142;30638;31274;77;496;636
27023;Minnesota;Chippewa County;12596;12390;12284;2;-206;-106
27025;Minnesota;Chisago County;56713;57544;57988;92;831;444
27027;Minnesota;Clay County;65332;65665;65929;23;333;264
27029;Minnesota;Clearwater County;8571;8574;8649;50;3;75
27031;Minnesota;Cook County;5595;5623;5708;-4;28;85
27033;Minnesota;Cottonwood County;11509;11578;11356;3;69;-222
27035;Minnesota;Crow Wing County;66277;67345;67948;155;1068;603
27037;Minnesota;Dakota County;440393;442773;443341;509;2380;568
27039;Minnesota;Dodge County;20895;20964;20981;22;69;17
27041;Minnesota;Douglas County;39089;39305;39668;87;216;363
27043;Minnesota;Faribault County;13901;13910;13926;-21;9;16
27045;Minnesota;Fillmore County;21234;21303;21414;5;69;111
27047;Minnesota;Freeborn County;30902;30808;30718;1;-94;-90
27049;Minnesota;Goodhue County;47575;48018;48013;-5;443;-5
27051;Minnesota;Grant County;6094;6161;6136;19;67;-25
27053;Minnesota;Hennepin County;1281568;1266736;1260121;0;-14832;-6615
27055;Minnesota;Houston County;18851;18829;18800;2;-22;-29
27057;Minnesota;Hubbard County;21392;21745;21960;44;353;215
27059;Minnesota;Isanti County;41385;41951;42727;252;566;776
27061;Minnesota;Itasca County;45035;45058;45205;17;23;147
27063;Minnesota;Jackson County;9992;10015;9893;0;23;-122
27065;Minnesota;Kanabec County;16049;16187;16463;22;138;276
27067;Minnesota;Kandiyohi County;43726;43865;43839;-7;139;-26
27069;Minnesota;Kittson County;4198;4162;4059;-19;-36;-103
27071;Minnesota;Koochiching County;12025;11944;11844;-34;-81;-100
27073;Minnesota;Lac qui Parle County;6702;6715;6689;-20;13;-26
27075;Minnesota;Lake County;10918;11009;10939;8;91;-70
27077;Minnesota;Lake of the Woods County;3764;3821;3871;-1;57;50
27079;Minnesota;Le Sueur County;28639;28918;29153;-33;279;235
27081;Minnesota;Lincoln County;5628;5563;5580;-16;-65;17
27083;Minnesota;Lyon County;25170;25267;25262;-98;97;-5
27085;Minnesota;McLeod County;36738;36807;36714;-21;69;-93
27087;Minnesota;Mahnomen County;5372;5387;5328;-28;15;-59
27089;Minnesota;Marshall County;9026;8979;8861;-6;-47;-118
27091;Minnesota;Martin County;19982;19899;19650;-42;-83;-249
27093;Minnesota;Meeker County;23431;23391;23496;31;-40;105
27095;Minnesota;Mille Lacs County;26462;26892;27280;-5;430;388
27097;Minnesota;Morrison County;33995;34071;34246;-15;76;175
27099;Minnesota;Mower County;40054;40214;40140;20;160;-74
27101;Minnesota;Murray County;8172;8145;8060;-3;-27;-85
27103;Minnesota;Nicollet County;34504;34373;34441;40;-131;68
27105;Minnesota;Nobles County;22207;22047;21947;-87;-160;-100
27107;Minnesota;Norman County;6435;6442;6377;-7;7;-65
27109;Minnesota;Olmsted County;163028;163620;164020;179;592;400
27111;Minnesota;Otter Tail County;60072;60222;60519;-2;150;297
27113;Minnesota;Pennington County;13950;13806;13845;-49;-144;39
27115;Minnesota;Pine County;28889;29034;29446;6;145;412
27117;Minnesota;Pipestone County;9414;9352;9355;-2;-62;3
27119;Minnesota;Polk County;31083;30817;30731;-111;-266;-86
27121;Minnesota;Pope County;11326;11418;11431;17;92;13
27123;Minnesota;Ramsey County;551699;542861;536413;-663;-8838;-6448
27125;Minnesota;Red Lake County;3940;3932;3874;4;-8;-58
27127;Minnesota;Redwood County;15408;15397;15361;-11;-11;-36
27129;Minnesota;Renville County;14697;14628;14525;-33;-69;-103
27131;Minnesota;Rice County;67086;67375;67693;-12;289;318
27133;Minnesota;Rock County;9684;9674;9537;-17;-10;-137
27135;Minnesota;Roseau County;15293;15260;15292;-30;-33;32
27137;Minnesota;St. Louis County;200064;199332;199532;-159;-732;200
27139;Minnesota;Scott County;151350;153408;154520;420;2058;1112
27141;Minnesota;Sherburne County;97580;99248;100824;394;1668;1576
27143;Minnesota;Sibley County;14810;14927;14955;-32;117;28
27145;Minnesota;Stearns County;158467;159144;160405;170;677;1261
27147;Minnesota;Steele County;37375;37409;37398;-25;34;-11
27149;Minnesota;Stevens County;9666;9704;9637;-7;38;-67
27151;Minnesota;Swift County;9804;9781;9755;-31;-23;-26
27153;Minnesota;Todd County;25277;25307;25538;24;30;231
27155;Minnesota;Traverse County;3361;3287;3275;-5;-74;-12
27157;Minnesota;Wabasha County;21400;21514;21658;20;114;144
27159;Minnesota;Wadena County;14119;14184;14307;54;65;123
27161;Minnesota;Waseca County;18964;18992;18893;-2;28;-99
27163;Minnesota;Washington County;268372;272610;275912;809;4238;3302
27165;Minnesota;Watonwan County;11231;11158;11075;-20;-73;-83
27167;Minnesota;Wilkin County;6482;6410;6350;-31;-72;-60
27169;Minnesota;Winona County;49640;49750;49478;-22;110;-272
27171;Minnesota;Wright County;141860;145143;148003;524;3283;2860
27173;Minnesota;Yellow Medicine County;9504;9446;9486;-29;-58;40
28001;Mississippi;Adams County;29419;28804;28408;-119;-615;-396
28003;Mississippi;Alcorn County;34727;34429;34204;-16;-298;-225
28005;Mississippi;Amite County;12699;12644;12619;-22;-55;-25
28007;Mississippi;Attala County;17816;17706;17509;-69;-110;-197
28009;Mississippi;Benton County;7661;7630;7550;17;-31;-80
28011;Mississippi;Bolivar County;30827;30180;29370;-146;-647;-810
28013;Mississippi;Calhoun County;13222;12936;12781;-45;-286;-155
28015;Mississippi;Carroll County;9930;9817;9731;-65;-113;-86
28017;Mississippi;Chickasaw County;17078;16973;16812;-25;-105;-161
28019;Mississippi;Choctaw County;8208;8113;8037;-38;-95;-76
28021;Mississippi;Claiborne County;9099;8898;8805;-36;-201;-93
28023;Mississippi;Clarke County;15546;15457;15271;-69;-89;-186
28025;Mississippi;Clay County;18621;18500;18380;-14;-121;-120
28027;Mississippi;Coahoma County;21230;20732;20197;-163;-498;-535
28029;Mississippi;Copiah County;28268;27927;27719;-103;-341;-208
28031;Mississippi;Covington County;18298;18250;18098;-41;-48;-152
28033;Mississippi;DeSoto County;186107;189042;191723;790;2935;2681
28035;Mississippi;Forrest County;78185;77883;78110;22;-302;227
28037;Mississippi;Franklin County;7665;7689;7642;-16;24;-47
28039;Mississippi;George County;24364;24793;25206;16;429;413
28041;Mississippi;Greene County;13530;13643;13552;-3;113;-91
28043;Mississippi;Grenada County;21572;21312;21088;-55;-260;-224
28045;Mississippi;Hancock County;46117;46046;46094;70;-71;48
28047;Mississippi;Harrison County;208811;209642;211044;190;831;1402
28049;Mississippi;Hinds County;226763;222508;217730;-987;-4255;-4778
28051;Mississippi;Holmes County;16879;16476;16121;-122;-403;-355
28053;Mississippi;Humphreys County;7735;7548;7333;-55;-187;-215
28055;Mississippi;Issaquena County;1325;1297;1273;-10;-28;-24
28057;Mississippi;Itawamba County;23862;23866;23903;1;4;37
28059;Mississippi;Jackson County;143377;144438;144975;118;1061;537
28061;Mississippi;Jasper County;16352;16265;16167;-18;-87;-98
28063;Mississippi;Jefferson County;7249;7156;7087;-11;-93;-69
28065;Mississippi;Jefferson Davis County;11271;11158;11088;-52;-113;-70
28067;Mississippi;Jones County;67163;66839;66569;-85;-324;-270
28069;Mississippi;Kemper County;8956;8781;8654;-25;-175;-127
28071;Mississippi;Lafayette County;55907;56857;57615;95;950;758
28073;Mississippi;Lamar County;64384;65395;65783;161;1011;388
28075;Mississippi;Lauderdale County;72672;71871;70904;-311;-801;-967
28077;Mississippi;Lawrence County;11982;11774;11713;-33;-208;-61
28079;Mississippi;Leake County;21245;21247;21135;-27;2;-112
28081;Mississippi;Lee County;83310;83043;82959;-37;-267;-84
28083;Mississippi;Leflore County;28191;27398;26570;-157;-793;-828
28085;Mississippi;Lincoln County;34822;34907;34717;-84;85;-190
28087;Mississippi;Lowndes County;58767;58129;57603;-115;-638;-526
28089;Mississippi;Madison County;109251;109919;111113;102;668;1194
28091;Mississippi;Marion County;24370;24271;24050;-68;-99;-221
28093;Mississippi;Marshall County;33778;33820;34110;23;42;290
28095;Mississippi;Monroe County;34138;33913;33577;-41;-225;-336
28097;Mississippi;Montgomery County;9796;9704;9530;-26;-92;-174
28099;Mississippi;Neshoba County;28988;28863;28673;-106;-125;-190
28101;Mississippi;Newton County;21255;21117;21029;-38;-138;-88
28103;Mississippi;Noxubee County;10228;10114;9990;-51;-114;-124
28105;Mississippi;Oktibbeha County;51698;51808;51427;-82;110;-381
28107;Mississippi;Panola County;33171;32919;32661;-38;-252;-258
28109;Mississippi;Pearl River County;56198;56505;57261;54;307;756
28111;Mississippi;Perry County;11458;11490;11368;-56;32;-122
28113;Mississippi;Pike County;40190;39957;39644;-139;-233;-313
28115;Mississippi;Pontotoc County;31194;31336;31389;2;142;53
28117;Mississippi;Prentiss County;24962;24921;24792;-38;-41;-129
28119;Mississippi;Quitman County;6154;5911;5701;-19;-243;-210
28121;Mississippi;Rankin County;157149;158183;158979;123;1034;796
28123;Mississippi;Scott County;27968;27650;27707;-19;-318;57
28125;Mississippi;Sharkey County;3769;3648;3488;-29;-121;-160
28127;Mississippi;Simpson County;25892;25686;25587;-58;-206;-99
28129;Mississippi;Smith County;14194;14191;14092;-15;-3;-99
28131;Mississippi;Stone County;18332;18589;18669;-4;257;80
28133;Mississippi;Sunflower County;25853;25328;24811;-120;-525;-517
28135;Mississippi;Tallahatchie County;12650;12302;12035;-65;-348;-267
28137;Mississippi;Tate County;28117;28118;28296;51;1;178
28139;Mississippi;Tippah County;21732;21614;21431;-78;-118;-183
28141;Mississippi;Tishomingo County;18843;18732;18619;-11;-111;-113
28143;Mississippi;Tunica County;9723;9652;9458;-54;-71;-194
28145;Mississippi;Union County;27810;28001;28125;28;191;124
28147;Mississippi;Walthall County;13868;13804;13761;-14;-64;-43
28149;Mississippi;Warren County;44544;43450;42649;-177;-1094;-801
28151;Mississippi;Washington County;44631;43641;42514;-287;-990;-1127
28153;Mississippi;Wayne County;19803;19712;19681;29;-91;-31
28155;Mississippi;Webster County;9901;9981;9993;-23;80;12
28157;Mississippi;Wilkinson County;8524;8288;8143;-62;-236;-145
28159;Mississippi;Winston County;17683;17608;17543;-26;-75;-65
28161;Mississippi;Yalobusha County;12443;12409;12364;-44;-34;-45
28163;Mississippi;Yazoo County;26671;26432;25948;-77;-239;-484
29001;Missouri;Adair County;25269;25179;25165;-46;-90;-14
29003;Missouri;Andrew County;18098;18009;18003;-30;-89;-6
29005;Missouri;Atchison County;5308;5227;5182;2;-81;-45
29007;Missouri;Audrain County;24798;24824;24434;-166;26;-390
29009;Missouri;Barry County;34541;34733;34926;8;192;193
29011;Missouri;Barton County;11608;11649;11694;-17;41;45
29013;Missouri;Bates County;16045;16084;16177;13;39;93
29015;Missouri;Benton County;19424;19916;20224;29;492;308
29017;Missouri;Bollinger County;10559;10578;10518;-13;19;-60
29019;Missouri;Boone County;184035;186075;187690;428;2040;1615
29021;Missouri;Buchanan County;84460;83655;82911;-338;-805;-744
29023;Missouri;Butler County;42059;42150;42179;-69;91;29
29025;Missouri;Caldwell County;8824;8896;8933;11;72;37
29027;Missouri;Callaway County;44337;44667;44762;47;330;95
29029;Missouri;Camden County;42802;43527;43768;56;725;241
29031;Missouri;Cape Girardeau County;81811;82147;82899;104;336;752
29033;Missouri;Carroll County;8468;8403;8423;-29;-65;20
29035;Missouri;Carter County;5202;5339;5268;1;137;-71
29037;Missouri;Cass County;108145;109751;110394;329;1606;643
29039;Missouri;Cedar County;14210;14518;14601;23;308;83
29041;Missouri;Chariton County;7384;7361;7386;-25;-23;25
29043;Missouri;Christian County;89284;91541;93114;438;2257;1573
29045;Missouri;Clark County;6661;6738;6723;21;77;-15
29047;Missouri;Clay County;254112;255860;257033;790;1748;1173
29049;Missouri;Clinton County;21210;21258;21328;28;48;70
29051;Missouri;Cole County;76614;76631;76969;-670;17;338
29053;Missouri;Cooper County;16648;16672;16772;-460;24;100
29055;Missouri;Crawford County;23037;22818;22659;-22;-219;-159
29057;Missouri;Dade County;7587;7600;7660;16;13;60
29059;Missouri;Dallas County;17130;17371;17626;60;241;255
29061;Missouri;Daviess County;8425;8385;8435;-1;-40;50
29063;Missouri;DeKalb County;11610;11708;11336;571;98;-372
29065;Missouri;Dent County;14389;14428;14467;-30;39;39
29067;Missouri;Douglas County;11604;11754;11975;29;150;221
29069;Missouri;Dunklin County;28217;27751;27406;-69;-466;-345
29071;Missouri;Franklin County;104853;105328;105879;165;475;551
29073;Missouri;Gasconade County;14760;14791;14768;-34;31;-23
29075;Missouri;Gentry County;6134;6169;6253;-31;35;84
29077;Missouri;Greene County;299312;301118;303293;397;1806;2175
29079;Missouri;Grundy County;9761;9761;9838;-53;0;77
29081;Missouri;Harrison County;8156;8170;8199;-2;14;29
29083;Missouri;Henry County;21974;22221;22438;28;247;217
29085;Missouri;Hickory County;8301;8594;8630;24;293;36
29087;Missouri;Holt County;4184;4241;4262;-42;57;21
29089;Missouri;Howard County;10151;10128;10168;3;-23;40
29091;Missouri;Howell County;39793;39980;40631;45;187;651
29093;Missouri;Iron County;9514;9421;9414;-23;-93;-7
29095;Missouri;Jackson County;717572;717616;716531;366;44;-1085
29097;Missouri;Jasper County;122878;123325;124075;128;447;750
29099;Missouri;Jefferson County;226927;227934;229336;355;1007;1402
29101;Missouri;Johnson County;54018;54170;54368;11;152;198
29103;Missouri;Knox County;3739;3787;3776;-6;48;-11
29105;Missouri;Laclede County;36044;36135;36313;2;91;178
29107;Missouri;Lafayette County;33062;32832;32961;68;-230;129
29109;Missouri;Lawrence County;37977;38268;38683;-18;291;415
29111;Missouri;Lewis County;10039;9986;9891;3;-53;-95
29113;Missouri;Lincoln County;59849;61654;63155;272;1805;1501
29115;Missouri;Linn County;11852;11843;11820;-18;-9;-23
29117;Missouri;Livingston County;13988;14223;14402;-558;235;179
29119;Missouri;McDonald County;23286;23428;23588;-22;142;160
29121;Missouri;Macon County;15197;15167;15049;-15;-30;-118
29123;Missouri;Madison County;12626;12671;12753;-1;45;82
29125;Missouri;Maries County;8452;8422;8431;22;-30;9
29127;Missouri;Marion County;28480;28502;28438;-47;22;-64
29129;Missouri;Mercer County;3513;3469;3437;-24;-44;-32
29131;Missouri;Miller County;24770;24943;25403;44;173;460
29133;Missouri;Mississippi County;12130;12129;11688;-445;-1;-441
29135;Missouri;Moniteau County;15213;15284;15220;-264;71;-64
29137;Missouri;Monroe County;8686;8720;8652;24;34;-68
29139;Missouri;Montgomery County;11287;11429;11470;-32;142;41
29141;Missouri;Morgan County;20990;21417;21785;-10;427;368
29143;Missouri;New Madrid County;16331;16024;15695;-104;-307;-329
29145;Missouri;Newton County;58684;59437;60011;40;753;574
29147;Missouri;Nodaway County;21000;20984;20670;-240;-16;-314
29149;Missouri;Oregon County;8611;8639;8732;-30;28;93
29151;Missouri;Osage County;13265;13409;13399;-16;144;-10
29153;Missouri;Ozark County;8520;8774;8940;-36;254;166
29155;Missouri;Pemiscot County;15585;15225;14841;-76;-360;-384
29157;Missouri;Perry County;18969;18956;18858;15;-13;-98
29159;Missouri;Pettis County;43001;43206;43353;17;205;147
29161;Missouri;Phelps County;44560;44949;45313;-80;389;364
29163;Missouri;Pike County;17408;17602;17664;-182;194;62
29165;Missouri;Platte County;107168;108720;110534;450;1552;1814
29167;Missouri;Polk County;31612;32089;32693;91;477;604
29169;Missouri;Pulaski County;54017;53850;53941;59;-167;91
29171;Missouri;Putnam County;4690;4696;4666;10;6;-30
29173;Missouri;Ralls County;10357;10378;10420;2;21;42
29175;Missouri;Randolph County;24454;24569;24622;-259;115;53
29177;Missouri;Ray County;23129;23061;23107;-31;-68;46
29179;Missouri;Reynolds County;6077;6082;6006;-16;5;-76
29181;Missouri;Ripley County;10670;10619;10703;-8;-51;84
29183;Missouri;St. Charles County;406385;410511;413803;1123;4126;3292
29185;Missouri;St. Clair County;9351;9404;9576;64;53;172
29186;Missouri;Ste. Genevieve County;18474;18571;18644;-5;97;73
29187;Missouri;St. Francois County;66437;67057;66969;-489;620;-88
29189;Missouri;St. Louis County;1003056;998227;990414;-1254;-4829;-7813
29195;Missouri;Saline County;23323;23241;23007;4;-82;-234
29197;Missouri;Schuyler County;4010;4021;4002;-24;11;-19
29199;Missouri;Scotland County;4699;4679;4643;-10;-20;-36
29201;Missouri;Scott County;38020;37856;37840;-38;-164;-16
29203;Missouri;Shannon County;7028;7085;7193;1;57;108
29205;Missouri;Shelby County;6088;5957;5982;-16;-131;25
29207;Missouri;Stoddard County;28644;28482;28377;-30;-162;-105
29209;Missouri;Stone County;31206;31605;32136;129;399;531
29211;Missouri;Sullivan County;5987;5916;5840;-12;-71;-76
29213;Missouri;Taney County;56057;56334;56821;-1;277;487
29215;Missouri;Texas County;24326;24893;25336;-169;567;443
29217;Missouri;Vernon County;19669;19605;19651;-41;-64;46
29219;Missouri;Warren County;35740;36529;37260;202;789;731
29221;Missouri;Washington County;23416;23444;23441;-98;28;-3
29223;Missouri;Wayne County;10933;10907;10792;-40;-26;-115
29225;Missouri;Webster County;39002;39580;40335;-83;578;755
29227;Missouri;Worth County;1962;1969;1955;-5;7;-14
29229;Missouri;Wright County;18211;18640;19156;24;429;516
29510;Missouri;St. Louis city;300483;293562;286578;-1091;-6921;-6984
30001;Montana;Beaverhead County;9381;9532;9719;7;151;187
30003;Montana;Big Horn County;13082;12932;12851;-45;-150;-81
30005;Montana;Blaine County;7005;6982;6936;-37;-23;-46
30007;Montana;Broadwater County;6857;7323;7793;84;466;470
30009;Montana;Carbon County;10510;10862;11179;34;352;317
30011;Montana;Carter County;1408;1410;1382;-7;2;-28
30013;Montana;Cascade County;84402;84498;84864;-11;96;366
30015;Montana;Chouteau County;5895;5916;5898;-1;21;-18
30017;Montana;Custer County;11863;11971;12032;-4;108;61
30019;Montana;Daniels County;1653;1669;1628;-4;16;-41
30021;Montana;Dawson County;8923;8866;8830;-20;-57;-36
30023;Montana;Deer Lodge County;9420;9506;9510;-4;86;4
30025;Montana;Fallon County;3028;2984;3011;-21;-44;27
30027;Montana;Fergus County;11469;11609;11663;26;140;54
30029;Montana;Flathead County;104862;108725;111814;513;3863;3089
30031;Montana;Gallatin County;119585;123051;124857;628;3466;1806
30033;Montana;Garfield County;1170;1210;1218;0;40;8
30035;Montana;Glacier County;13737;13743;13681;-34;6;-62
30037;Montana;Golden Valley County;821;818;835;-3;-3;17
30039;Montana;Granite County;3308;3355;3502;2;47;147
30041;Montana;Hill County;16263;16175;16068;-41;-88;-107
30043;Montana;Jefferson County;12140;12472;12826;59;332;354
30045;Montana;Judith Basin County;2025;2052;2105;4;27;53
30047;Montana;Lake County;31246;32075;32853;114;829;778
30049;Montana;Lewis and Clark County;71168;72503;73832;201;1335;1329
30051;Montana;Liberty County;1956;1934;1972;-3;-22;38
30053;Montana;Lincoln County;19739;20571;21525;61;832;954
30055;Montana;McCone County;1730;1711;1709;2;-19;-2
30057;Montana;Madison County;8660;8944;9265;34;284;321
30059;Montana;Meagher County;1922;1960;2013;-4;38;53
30061;Montana;Mineral County;4565;4868;5058;36;303;190
30063;Montana;Missoula County;118337;119806;121041;413;1469;1235
30065;Montana;Musselshell County;4745;4912;5197;13;167;285
30067;Montana;Park County;17224;17531;17790;31;307;259
30069;Montana;Petroleum County;500;522;524;4;22;2
30071;Montana;Phillips County;4208;4216;4240;-7;8;24
30073;Montana;Pondera County;5879;6018;6078;-26;139;60
30075;Montana;Powder River County;1693;1707;1725;-1;14;18
30077;Montana;Powell County;6941;7012;7051;-3;71;39
30079;Montana;Prairie County;1093;1101;1107;0;8;6
30081;Montana;Ravalli County;44409;46125;47298;237;1716;1173
30083;Montana;Richland County;11531;11342;11237;38;-189;-105
30085;Montana;Roosevelt County;10794;10808;10572;2;14;-236
30087;Montana;Rosebud County;8305;8077;8088;-26;-228;11
30089;Montana;Sanders County;12463;12975;13442;60;512;467
30091;Montana;Sheridan County;3536;3569;3564;-6;33;-5
30093;Montana;Silver Bow County;35201;35554;36068;73;353;514
30095;Montana;Stillwater County;8997;9026;9177;38;29;151
30097;Montana;Sweet Grass County;3670;3705;3715;-7;35;10
30099;Montana;Teton County;6256;6282;6368;26;26;86
30101;Montana;Toole County;4970;5010;5082;-3;40;72
30103;Montana;Treasure County;758;769;758;-1;11;-11
30105;Montana;Valley County;7556;7556;7513;-21;0;-43
30107;Montana;Wheatland County;2083;2045;2032;6;-38;-13
30109;Montana;Wibaux County;937;935;919;-2;-2;-16
30111;Montana;Yellowstone County;165196;167397;169852;474;2201;2455
31001;Nebraska;Adams County;31177;30990;30970;-25;-187;-20
31003;Nebraska;Antelope County;6278;6292;6293;-14;14;1
31005;Nebraska;Arthur County;432;441;433;-1;9;-8
31007;Nebraska;Banner County;677;689;660;3;12;-29
31009;Nebraska;Blaine County;431;461;453;-1;30;-8
31011;Nebraska;Boone County;5359;5400;5385;-18;41;-15
31013;Nebraska;Box Butte County;10826;10647;10672;-15;-179;25
31015;Nebraska;Boyd County;1805;1786;1741;-9;-19;-45
31017;Nebraska;Brown County;2902;2912;2872;0;10;-40
31019;Nebraska;Buffalo County;50195;50310;50586;106;115;276
31021;Nebraska;Burt County;6721;6706;6755;-6;-15;49
31023;Nebraska;Butler County;8345;8425;8427;-15;80;2
31025;Nebraska;Cass County;26601;27071;27122;3;470;51
31027;Nebraska;Cedar County;8372;8325;8371;-6;-47;46
31029;Nebraska;Chase County;3887;3829;3772;-7;-58;-57
31031;Nebraska;Cherry County;5454;5447;5464;-1;-7;17
31033;Nebraska;Cheyenne County;9486;9502;9511;18;16;9
31035;Nebraska;Clay County;6105;6047;6049;0;-58;2
31037;Nebraska;Colfax County;10557;10474;10444;-24;-83;-30
31039;Nebraska;Cuming County;9008;8972;8929;-2;-36;-43
31041;Nebraska;Custer County;10493;10476;10476;-50;-17;0
31043;Nebraska;Dakota County;21552;21256;21042;-35;-296;-214
31045;Nebraska;Dawes County;8150;8131;8241;-45;-19;110
31047;Nebraska;Dawson County;24086;23934;23884;-25;-152;-50
31049;Nebraska;Deuel County;1831;1857;1902;-6;26;45
31051;Nebraska;Dixon County;5582;5546;5464;-16;-36;-82
31053;Nebraska;Dodge County;37110;37120;36997;-61;10;-123
31055;Nebraska;Douglas County;585386;585467;586327;864;81;860
31057;Nebraska;Dundy County;1654;1630;1590;-3;-24;-40
31059;Nebraska;Fillmore County;5572;5555;5553;15;-17;-2
31061;Nebraska;Franklin County;2890;2891;2873;0;1;-18
31063;Nebraska;Frontier County;2504;2555;2633;-15;51;78
31065;Nebraska;Furnas County;4626;4611;4575;-7;-15;-36
31067;Nebraska;Gage County;21653;21611;21583;-53;-42;-28
31069;Nebraska;Garden County;1886;1833;1837;14;-53;4
31071;Nebraska;Garfield County;1807;1832;1801;-8;25;-31
31073;Nebraska;Gosper County;1895;1819;1808;1;-76;-11
31075;Nebraska;Grant County;615;577;576;2;-38;-1
31077;Nebraska;Greeley County;2175;2184;2227;-11;9;43
31079;Nebraska;Hall County;62760;62092;62097;-133;-668;5
31081;Nebraska;Hamilton County;9404;9382;9429;-27;-22;47
31083;Nebraska;Harlan County;3057;3097;3054;-19;40;-43
31085;Nebraska;Hayes County;853;841;849;-3;-12;8
31087;Nebraska;Hitchcock County;2622;2594;2598;6;-28;4
31089;Nebraska;Holt County;10113;10081;10043;-24;-32;-38
31091;Nebraska;Hooker County;706;731;686;-5;25;-45
31093;Nebraska;Howard County;6484;6519;6515;12;35;-4
31095;Nebraska;Jefferson County;7259;7160;7154;17;-99;-6
31097;Nebraska;Johnson County;5292;5335;5287;5;43;-48
31099;Nebraska;Kearney County;6681;6662;6690;4;-19;28
31101;Nebraska;Keith County;8325;8298;8269;-6;-27;-29
31103;Nebraska;Keya Paha County;759;787;787;-9;28;0
31105;Nebraska;Kimball County;3411;3405;3315;-27;-6;-90
31107;Nebraska;Knox County;8396;8436;8336;-9;40;-100
31109;Nebraska;Lancaster County;323144;323420;324756;529;276;1336
31111;Nebraska;Lincoln County;34534;34078;33685;-146;-456;-393
31113;Nebraska;Logan County;715;684;675;-3;-31;-9
31115;Nebraska;Loup County;603;598;599;0;-5;1
31117;Nebraska;McPherson County;397;382;372;-3;-15;-10
31119;Nebraska;Madison County;35521;35360;35368;-63;-161;8
31121;Nebraska;Merrick County;7655;7670;7721;-4;15;51
31123;Nebraska;Morrill County;4553;4573;4527;-2;20;-46
31125;Nebraska;Nance County;3390;3380;3326;13;-10;-54
31127;Nebraska;Nemaha County;7085;7000;7035;9;-85;35
31129;Nebraska;Nuckolls County;4090;4063;4041;-6;-27;-22
31131;Nebraska;Otoe County;15897;16008;16198;-10;111;190
31133;Nebraska;Pawnee County;2536;2540;2528;-9;4;-12
31135;Nebraska;Perkins County;2863;2822;2829;2;-41;7
31137;Nebraska;Phelps County;8972;8933;8988;8;-39;55
31139;Nebraska;Pierce County;7340;7316;7332;25;-24;16
31141;Nebraska;Platte County;34283;34282;34296;-11;-1;14
31143;Nebraska;Polk County;5212;5159;5166;3;-53;7
31145;Nebraska;Red Willow County;10686;10639;10573;-19;-47;-66
31147;Nebraska;Richardson County;7860;7783;7705;-10;-77;-78
31149;Nebraska;Rock County;1266;1271;1245;2;5;-26
31151;Nebraska;Saline County;14242;14052;14116;-49;-190;64
31153;Nebraska;Sarpy County;191157;193798;196553;560;2641;2755
31155;Nebraska;Saunders County;22372;22798;23118;92;426;320
31157;Nebraska;Scotts Bluff County;36036;35828;35603;-48;-208;-225
31159;Nebraska;Seward County;17614;17584;17692;6;-30;108
31161;Nebraska;Sheridan County;5104;5086;4996;-30;-18;-90
31163;Nebraska;Sherman County;2956;2953;2980;-3;-3;27
31165;Nebraska;Sioux County;1144;1151;1127;9;7;-24
31167;Nebraska;Stanton County;5822;5797;5717;-21;-25;-80
31169;Nebraska;Thayer County;5019;4906;4885;-13;-113;-21
31171;Nebraska;Thomas County;670;676;671;2;6;-5
31173;Nebraska;Thurston County;6752;6595;6507;-17;-157;-88
31175;Nebraska;Valley County;4055;4074;4073;0;19;-1
31177;Nebraska;Washington County;20928;20993;21167;63;65;174
31179;Nebraska;Wayne County;9694;9843;9871;-4;149;28
31181;Nebraska;Webster County;3390;3393;3336;-6;3;-57
31183;Nebraska;Wheeler County;775;787;785;3;12;-2
31185;Nebraska;York County;14103;14248;14354;-25;145;106
32001;Nevada;Churchill County;25568;25671;25843;52;103;172
32003;Nevada;Clark County;2274734;2295194;2322985;9265;20460;27791
32005;Nevada;Douglas County;49522;49969;49628;38;447;-341
32007;Nevada;Elko County;53670;53811;54046;-33;141;235
32009;Nevada;Esmeralda County;732;733;744;3;1;11
32011;Nevada;Eureka County;1853;1909;1863;0;56;-46
32013;Nevada;Humboldt County;17276;17591;17272;-12;315;-319
32015;Nevada;Lander County;5726;5762;5766;-6;36;4
32017;Nevada;Lincoln County;4448;4433;4482;-57;-15;49
32019;Nevada;Lyon County;59466;60927;61585;226;1461;658
32021;Nevada;Mineral County;4557;4615;4525;2;58;-90
32023;Nevada;Nye County;51960;53277;54738;370;1317;1461
32027;Nevada;Pershing County;6622;6442;6462;-29;-180;20
32029;Nevada;Storey County;4106;4145;4170;8;39;25
32031;Nevada;Washoe County;487674;494281;496745;1185;6607;2464
32033;Nevada;White Pine County;9051;8846;8788;-27;-205;-58
32510;Nevada;Carson City;58683;58796;58130;39;113;-666
33001;New Hampshire;Belknap County;63775;64612;64781;66;837;169
33003;New Hampshire;Carroll County;50235;51725;52199;137;1490;474
33005;New Hampshire;Cheshire County;76541;76821;77350;86;280;529
33007;New Hampshire;Coos County;31227;31411;31504;-35;184;93
33009;New Hampshire;Grafton County;91177;90474;91126;65;-703;652
33011;New Hampshire;Hillsborough County;422883;424496;426594;-58;1613;2098
33013;New Hampshire;Merrimack County;154022;154591;156020;222;569;1429
33015;New Hampshire;Rockingham County;314603;318214;319424;421;3611;1210
33017;New Hampshire;Strafford County;131055;131534;132275;160;479;741
33019;New Hampshire;Sullivan County;43069;43627;43958;5;558;331
34001;New Jersey;Atlantic County;274172;275130;275638;-364;958;508
34003;New Jersey;Bergen County;953617;954879;952997;-2129;1262;-1882
34005;New Jersey;Burlington County;461648;464411;466103;-215;2763;1692
34007;New Jersey;Camden County;523074;524124;524907;-412;1050;783
34009;New Jersey;Cape May County;95040;95768;95634;-226;728;-134
34011;New Jersey;Cumberland County;153692;152089;151356;-456;-1603;-733
34013;New Jersey;Essex County;859924;854121;849477;-2858;-5803;-4644
34015;New Jersey;Gloucester County;302554;304620;306601;269;2066;1981
34017;New Jersey;Hudson County;721832;703447;703366;-3025;-18385;-81
34019;New Jersey;Hunterdon County;128786;129668;129777;-176;882;109
34021;New Jersey;Mercer County;386441;382116;380688;-899;-4325;-1428
34023;New Jersey;Middlesex County;861314;862328;861418;-1869;1014;-910
34025;New Jersey;Monmouth County;642771;646392;644098;-837;3621;-2294
34027;New Jersey;Morris County;508384;510444;511151;-893;2060;707
34029;New Jersey;Ocean County;638422;649741;655735;1193;11319;5994
34031;New Jersey;Passaic County;523406;518345;513936;-1646;-5061;-4409
34033;New Jersey;Salem County;64842;65058;65117;8;216;59
34035;New Jersey;Somerset County;344725;346331;346875;-631;1606;544
34037;New Jersey;Sussex County;143915;145645;146084;-316;1730;439
34039;New Jersey;Union County;573617;572810;569815;-1735;-807;-2995
34041;New Jersey;Warren County;109513;110494;110926;-125;981;432
35001;New Mexico;Bernalillo County;676803;674980;672508;365;-1823;-2472
35003;New Mexico;Catron County;3611;3726;3827;29;115;101
35005;New Mexico;Chaves County;65148;64644;63894;-10;-504;-750
35006;New Mexico;Cibola County;27102;27238;26950;-70;136;-288
35007;New Mexico;Colfax County;12353;12356;12246;-32;3;-110
35009;New Mexico;Curry County;48370;47960;47532;-59;-410;-428
35011;New Mexico;De Baca County;1683;1679;1693;-14;-4;14
35013;New Mexico;Doña Ana County;220047;221655;223337;480;1608;1682
35015;New Mexico;Eddy County;62329;60899;60400;15;-1430;-499
35017;New Mexico;Grant County;28203;27892;27686;13;-311;-206
35019;New Mexico;Guadalupe County;4440;4432;4310;-11;-8;-122
35021;New Mexico;Harding County;655;636;628;0;-19;-8
35023;New Mexico;Hidalgo County;4166;4090;4003;-14;-76;-87
35025;New Mexico;Lea County;74635;73103;72452;180;-1532;-651
35027;New Mexico;Lincoln County;20313;20421;20411;40;108;-10
35028;New Mexico;Los Alamos County;19415;19340;19187;-3;-75;-153
35029;New Mexico;Luna County;25447;25486;25749;25;39;263
35031;New Mexico;McKinley County;72578;71484;69830;-320;-1094;-1654
35033;New Mexico;Mora County;4192;4203;4169;7;11;-34
35035;New Mexico;Otero County;67873;68538;68823;30;665;285
35037;New Mexico;Quay County;8712;8624;8546;-32;-88;-78
35039;New Mexico;Rio Arriba County;40269;40249;40048;-90;-20;-201
35041;New Mexico;Roosevelt County;19157;19017;18934;-40;-140;-83
35043;New Mexico;Sandoval County;149276;151439;153501;447;2163;2062
35045;New Mexico;San Juan County;121368;120866;120418;-295;-502;-448
35047;New Mexico;San Miguel County;27129;27167;26953;-74;38;-214
35049;New Mexico;Santa Fe County;155041;155404;155664;218;363;260
35051;New Mexico;Sierra County;11563;11498;11436;-11;-65;-62
35053;New Mexico;Socorro County;16558;16303;16115;-44;-255;-188
35055;New Mexico;Taos County;34459;34700;34580;-29;241;-120
35057;New Mexico;Torrance County;15054;15318;15454;9;264;136
35059;New Mexico;Union County;4072;4097;3980;-11;25;-117
35061;New Mexico;Valencia County;76369;77233;78080;164;864;847
36001;New York;Albany County;313987;316301;315811;-851;2314;-490
36003;New York;Allegany County;47320;46921;46694;874;-399;-227
36005;New York;Bronx County;1461125;1421089;1379946;-11531;-40036;-41143
36007;New York;Broome County;198126;198703;197117;-549;577;-1586
36009;New York;Cattaraugus County;76992;76650;76439;-49;-342;-211
36011;New York;Cayuga County;76198;75791;74998;-53;-407;-793
36013;New York;Chautauqua County;127578;126785;126027;-97;-793;-758
36015;New York;Chemung County;83945;82830;81426;-207;-1115;-1404
36017;New York;Chenango County;47067;46637;46458;-149;-430;-179
36019;New York;Clinton County;79761;79996;78753;-78;235;-1243
36021;New York;Columbia County;61403;62039;61286;-164;636;-753
36023;New York;Cortland County;46750;46489;46126;-64;-261;-363
36025;New York;Delaware County;44221;44753;44740;-81;532;-13
36027;New York;Dutchess County;295398;298039;297545;-499;2641;-494
36029;New York;Erie County;952598;954350;950312;-1646;1752;-4038
36031;New York;Essex County;37326;37292;36910;-36;-34;-382
36033;New York;Franklin County;47565;47040;46373;9;-525;-667
36035;New York;Fulton County;53132;53055;52669;-190;-77;-386
36037;New York;Genesee County;58313;57988;57535;-81;-325;-453
36039;New York;Greene County;47912;48493;48061;-21;581;-432
36041;New York;Hamilton County;5073;5114;5118;-29;41;4
36043;New York;Herkimer County;60024;60082;59822;-119;58;-260
36045;New York;Jefferson County;116273;117680;116637;-450;1407;-1043
36047;New York;Kings County;2719044;2637486;2590516;-17031;-81558;-46970
36049;New York;Lewis County;26551;26745;26699;-29;194;-46
36051;New York;Livingston County;61728;61629;61516;-114;-99;-113
36053;New York;Madison County;67927;67397;67097;-85;-530;-300
36055;New York;Monroe County;757790;756547;752035;-1654;-1243;-4512
36057;New York;Montgomery County;49485;49611;49623;-41;126;12
36059;New York;Nassau County;1390559;1391112;1383726;-5218;553;-7386
36061;New York;New York County;1677306;1578801;1596273;-16944;-98505;17472
36063;New York;Niagara County;212125;211891;210880;-525;-234;-1011
36065;New York;Oneida County;231575;229942;228846;-536;-1633;-1096
36067;New York;Onondaga County;474316;472094;468249;-2195;-2222;-3845
36069;New York;Ontario County;112327;112660;112707;-132;333;47
36071;New York;Orange County;401088;404997;405941;-236;3909;944
36073;New York;Orleans County;40225;39711;39318;-130;-514;-393
36075;New York;Oswego County;117440;118124;118287;-93;684;163
36077;New York;Otsego County;58377;60758;60636;-152;2381;-122
36079;New York;Putnam County;97632;98176;98045;-50;544;-131
36081;New York;Queens County;2388586;2328141;2278029;-16878;-60445;-50112
36083;New York;Rensselaer County;160900;160740;159853;-238;-160;-887
36085;New York;Richmond County;494586;493484;491133;-1163;-1102;-2351
36087;New York;Rockland County;337394;339256;339022;-935;1862;-234
36089;New York;St. Lawrence County;108554;108410;107733;52;-144;-677
36091;New York;Saratoga County;235794;237962;238797;295;2168;835
36093;New York;Schenectady County;159315;160214;160093;1257;899;-121
36095;New York;Schoharie County;29752;30152;30063;34;400;-89
36097;New York;Schuyler County;17863;17800;17650;-31;-63;-150
36099;New York;Seneca County;33747;33576;32882;-64;-171;-694
36101;New York;Steuben County;93314;93105;92599;-263;-209;-506
36103;New York;Suffolk County;1521950;1533118;1525465;-3986;11168;-7653
36105;New York;Sullivan County;78605;79694;79658;-12;1089;-36
36107;New York;Tioga County;48352;48087;47772;-109;-265;-315
36109;New York;Tompkins County;99784;106044;104777;-5960;6260;-1267
36111;New York;Ulster County;181627;183704;182319;-229;2077;-1385
36113;New York;Warren County;65618;65773;65599;-119;155;-174
36115;New York;Washington County;61202;60975;60841;-100;-227;-134
36117;New York;Wayne County;91193;91201;91125;-93;8;-76
36119;New York;Westchester County;1001431;999607;990427;-3014;-1824;-9180
36121;New York;Wyoming County;40427;40017;39666;-104;-410;-351
36123;New York;Yates County;24720;24634;24451;-48;-86;-183
37001;North Carolina;Alamance County;171954;173876;176353;525;1922;2477
37003;North Carolina;Alexander County;36482;36467;36512;42;-15;45
37005;North Carolina;Alleghany County;10897;11066;11185;11;169;119
37007;North Carolina;Anson County;22033;22254;22202;-19;221;-52
37009;North Carolina;Ashe County;26580;26764;27110;-1;184;346
37011;North Carolina;Avery County;17848;17502;17571;36;-346;69
37013;North Carolina;Beaufort County;44690;44438;44272;32;-252;-166
37015;North Carolina;Bertie County;17862;17425;17240;-72;-437;-185
37017;North Carolina;Bladen County;29629;29565;29446;12;-64;-119
37019;North Carolina;Brunswick County;138157;144814;153064;1463;6657;8250
37021;North Carolina;Buncombe County;269694;271719;273589;248;2025;1870
37023;North Carolina;Burke County;87577;87634;87881;4;57;247
37025;North Carolina;Cabarrus County;227214;231726;235797;1407;4512;4071
37027;North Carolina;Caldwell County;80632;80561;80492;-32;-71;-69
37029;North Carolina;Camden County;10407;10816;11088;50;409;272
37031;North Carolina;Carteret County;67724;68718;69380;38;994;662
37033;North Carolina;Caswell County;22699;22701;22614;-39;2;-87
37035;North Carolina;Catawba County;160892;161821;163462;283;929;1641
37037;North Carolina;Chatham County;76670;78111;79864;400;1441;1753
37039;North Carolina;Cherokee County;28858;29195;29512;89;337;317
37041;North Carolina;Chowan County;13701;13791;13940;-4;90;149
37043;North Carolina;Clay County;11142;11350;11614;57;208;264
37045;North Carolina;Cleveland County;99799;100318;100670;278;519;352
37047;North Carolina;Columbus County;50487;49953;49885;-138;-534;-68
37049;North Carolina;Craven County;100646;100277;100874;-72;-369;597
37051;North Carolina;Cumberland County;334391;337249;336699;-337;2858;-550
37053;North Carolina;Currituck County;28401;29714;31015;298;1313;1301
37055;North Carolina;Dare County;37032;37889;37956;122;857;67
37057;North Carolina;Davidson County;169196;170794;172586;263;1598;1792
37059;North Carolina;Davie County;42895;43614;44090;180;719;476
37061;North Carolina;Duplin County;48657;48606;48990;-48;-51;384
37063;North Carolina;Durham County;325561;329699;332680;712;4138;2981
37065;North Carolina;Edgecombe County;48777;48370;48301;-120;-407;-69
37067;North Carolina;Forsyth County;383166;386172;389157;582;3006;2985
37069;North Carolina;Franklin County;69115;71798;74539;537;2683;2741
37071;North Carolina;Gaston County;228514;231337;234215;572;2823;2878
37073;North Carolina;Gates County;10448;10403;10383;-27;-45;-20
37075;North Carolina;Graham County;8035;8008;7980;6;-27;-28
37077;North Carolina;Granville County;61060;61408;61903;59;348;495
37079;North Carolina;Greene County;20440;20261;20211;-9;-179;-50
37081;North Carolina;Guilford County;539498;542756;546101;-1811;3258;3345
37083;North Carolina;Halifax County;48521;48377;47848;-101;-144;-529
37085;North Carolina;Harnett County;133779;135669;138832;225;1890;3163
37087;North Carolina;Haywood County;62223;62504;62609;126;281;105
37089;North Carolina;Henderson County;116541;116988;118106;262;447;1118
37091;North Carolina;Hertford County;21470;21172;20875;-82;-298;-297
37093;North Carolina;Hoke County;52240;53235;53787;159;995;552
37095;North Carolina;Hyde County;4551;4625;4576;-36;74;-49
37097;North Carolina;Iredell County;187683;192227;195897;984;4544;3670
37099;North Carolina;Jackson County;42231;42520;42955;-876;289;435
37101;North Carolina;Johnston County;217787;227313;234778;1796;9526;7465
37103;North Carolina;Jones County;9147;9217;9233;-26;70;16
37105;North Carolina;Lee County;63428;64097;65476;147;669;1379
37107;North Carolina;Lenoir County;55050;54693;54633;-74;-357;-60
37109;North Carolina;Lincoln County;87206;89870;93095;390;2664;3225
37111;North Carolina;McDowell County;44580;44586;44753;3;6;167
37113;North Carolina;Macon County;37092;37488;38065;76;396;577
37115;North Carolina;Madison County;21228;21645;21768;36;417;123
37117;North Carolina;Martin County;21953;21742;21508;-82;-211;-234
37119;North Carolina;Mecklenburg County;1116788;1125809;1145392;1262;9021;19583
37121;North Carolina;Mitchell County;14906;14982;15094;0;76;112
37123;North Carolina;Montgomery County;25719;25853;25894;-33;134;41
37125;North Carolina;Moore County;100267;102952;105531;542;2685;2579
37127;North Carolina;Nash County;95148;95227;95789;181;79;562
37129;North Carolina;New Hanover County;226307;229930;234921;602;3623;4991
37131;North Carolina;Northampton County;17435;17093;16779;-39;-342;-314
37133;North Carolina;Onslow County;204937;204660;207298;352;-277;2638
37135;North Carolina;Orange County;143583;148610;150477;-5124;5027;1867
37137;North Carolina;Pamlico County;12303;12347;12381;29;44;34
37139;North Carolina;Pasquotank County;40577;40746;40938;9;169;192
37141;North Carolina;Pender County;60642;63072;65737;434;2430;2665
37143;North Carolina;Perquimans County;13016;13126;13210;10;110;84
37145;North Carolina;Person County;39187;39172;39386;94;-15;214
37147;North Carolina;Pitt County;170378;172273;173542;137;1895;1269
37149;North Carolina;Polk County;19383;19691;19986;53;308;295
37151;North Carolina;Randolph County;144418;145109;146043;267;691;934
37153;North Carolina;Richmond County;42916;42842;42778;-37;-74;-64
37155;North Carolina;Robeson County;116305;116229;116663;-211;-76;434
37157;North Carolina;Rockingham County;91188;91260;91957;88;72;697
37159;North Carolina;Rowan County;147148;148012;149645;270;864;1633
37161;North Carolina;Rutherford County;64479;64618;64963;35;139;345
37163;North Carolina;Sampson County;59078;59080;59120;38;2;40
37165;North Carolina;Scotland County;34141;34175;34162;-39;34;-13
37167;North Carolina;Stanly County;62638;63108;64153;132;470;1045
37169;North Carolina;Stokes County;44565;44641;45175;42;76;534
37171;North Carolina;Surry County;71372;71196;71403;5;-176;207
37173;North Carolina;Swain County;14099;14149;13967;-16;50;-182
37175;North Carolina;Transylvania County;33046;33255;33355;60;209;100
37177;North Carolina;Tyrrell County;3239;3377;3365;-8;138;-12
37179;North Carolina;Union County;239443;244260;249070;1210;4817;4810
37181;North Carolina;Vance County;42535;42103;42138;-35;-432;35
37183;North Carolina;Wake County;1130685;1152357;1175021;1292;21672;22664
37185;North Carolina;Warren County;18598;18791;18713;-44;193;-78
37187;North Carolina;Washington County;10976;10909;10828;-25;-67;-81
37189;North Carolina;Watauga County;54117;54962;55089;40;845;127
37191;North Carolina;Wayne County;117266;116866;117286;-58;-400;420
37193;North Carolina;Wilkes County;65904;65818;65784;-64;-86;-34
37195;North Carolina;Wilson County;78807;78283;78449;21;-524;166
37197;North Carolina;Yadkin County;37246;37258;37463;35;12;205
37199;North Carolina;Yancey County;18490;18776;18811;20;286;35
38001;North Dakota;Adams County;2187;2152;2115;-13;-35;-37
38003;North Dakota;Barnes County;10847;10812;10758;-1;-35;-54
38005;North Dakota;Benson County;5931;5778;5770;-20;-153;-8
38007;North Dakota;Billings County;933;961;1018;-12;28;57
38009;North Dakota;Bottineau County;6384;6437;6376;6;53;-61
38011;North Dakota;Bowman County;2984;2902;2894;-13;-82;-8
38013;North Dakota;Burke County;2208;2173;2155;-3;-35;-18
38015;North Dakota;Burleigh County;98594;98967;99280;128;373;313
38017;North Dakota;Cass County;184874;189293;192734;346;4419;3441
38019;North Dakota;Cavalier County;3694;3664;3597;-12;-30;-67
38021;North Dakota;Dickey County;4971;4905;4923;-31;-66;18
38023;North Dakota;Divide County;2212;2191;2187;10;-21;-4
38025;North Dakota;Dunn County;4100;4025;4015;4;-75;-10
38027;North Dakota;Eddy County;2320;2322;2314;-18;2;-8
38029;North Dakota;Emmons County;3293;3262;3250;-13;-31;-12
38031;North Dakota;Foster County;3388;3362;3378;-8;-26;16
38033;North Dakota;Golden Valley County;1720;1757;1744;-10;37;-13
38035;North Dakota;Grand Forks County;73126;72512;72413;-43;-614;-99
38037;North Dakota;Grant County;2289;2311;2243;-13;22;-68
38039;North Dakota;Griggs County;2297;2284;2252;-9;-13;-32
38041;North Dakota;Hettinger County;2467;2422;2406;-16;-45;-16
38043;North Dakota;Kidder County;2387;2361;2393;-8;-26;32
38045;North Dakota;LaMoure County;4101;4095;4098;10;-6;3
38047;North Dakota;Logan County;1890;1882;1855;10;-8;-27
38049;North Dakota;McHenry County;5311;5239;5189;-21;-72;-50
38051;North Dakota;McIntosh County;2511;2506;2475;-18;-5;-31
38053;North Dakota;McKenzie County;14776;13851;13908;67;-925;57
38055;North Dakota;McLean County;9756;9794;9824;-14;38;30
38057;North Dakota;Mercer County;8348;8330;8333;-6;-18;3
38059;North Dakota;Morton County;33313;33560;33710;26;247;150
38061;North Dakota;Mountrail County;9807;9593;9290;-5;-214;-303
38063;North Dakota;Nelson County;2993;3044;2995;-22;51;-49
38065;North Dakota;Oliver County;1869;1873;1856;-7;4;-17
38067;North Dakota;Pembina County;6823;6775;6763;-9;-48;-12
38069;North Dakota;Pierce County;3968;3943;3942;-15;-25;-1
38071;North Dakota;Ramsey County;11573;11598;11515;-31;25;-83
38073;North Dakota;Ransom County;5690;5667;5640;-9;-23;-27
38075;North Dakota;Renville County;2273;2262;2220;-9;-11;-42
38077;North Dakota;Richland County;16527;16570;16580;-1;43;10
38079;North Dakota;Rolette County;12195;12086;11933;3;-109;-153
38081;North Dakota;Sargent County;3836;3819;3795;-24;-17;-24
38083;North Dakota;Sheridan County;1267;1270;1295;-6;3;25
38085;North Dakota;Sioux County;3882;3759;3711;-15;-123;-48
38087;North Dakota;Slope County;695;686;672;-4;-9;-14
38089;North Dakota;Stark County;33828;33059;32803;181;-769;-256
38091;North Dakota;Steele County;1787;1798;1788;-1;11;-10
38093;North Dakota;Stutsman County;21556;21591;21487;-51;35;-104
38095;North Dakota;Towner County;2147;2133;2064;-16;-14;-69
38097;North Dakota;Traill County;7988;7990;7958;-12;2;-32
38099;North Dakota;Walsh County;10524;10479;10438;-34;-45;-41
38101;North Dakota;Ward County;69923;69437;68870;-10;-486;-567
38103;North Dakota;Wells County;3971;3905;3930;-15;-66;25
38105;North Dakota;Williams County;41184;38487;38109;234;-2697;-378
39001;Ohio;Adams County;27440;27513;27420;-34;73;-93
39003;Ohio;Allen County;102107;101792;101115;-97;-315;-677
39005;Ohio;Ashland County;52468;52340;52181;25;-128;-159
39007;Ohio;Ashtabula County;97516;97452;97014;-80;-64;-438
39009;Ohio;Athens County;62371;59086;58979;-50;-3285;-107
39011;Ohio;Auglaize County;46461;46240;45948;40;-221;-292
39013;Ohio;Belmont County;66283;65895;65509;-212;-388;-386
39015;Ohio;Brown County;43671;43690;43680;-3;19;-10
39017;Ohio;Butler County;390872;387791;388420;494;-3081;629
39019;Ohio;Carroll County;26697;26671;26659;-17;-26;-12
39021;Ohio;Champaign County;38734;38782;38709;27;48;-73
39023;Ohio;Clark County;135879;135747;134831;-94;-132;-916
39025;Ohio;Clermont County;208738;209867;210805;146;1129;938
39027;Ohio;Clinton County;42023;42100;41964;1;77;-136
39029;Ohio;Columbiana County;101634;101250;100511;-239;-384;-739
39031;Ohio;Coshocton County;36578;36614;36571;-24;36;-43
39033;Ohio;Crawford County;42003;41797;41522;-7;-206;-275
39035;Ohio;Cuyahoga County;1262523;1247808;1236041;-2290;-14715;-11767
39037;Ohio;Darke County;51897;51645;51529;14;-252;-116
39039;Ohio;Defiance County;38254;38216;38187;-20;-38;-29
39041;Ohio;Delaware County;215139;221186;226296;1019;6047;5110
39043;Ohio;Erie County;75475;74918;74501;-144;-557;-417
39045;Ohio;Fairfield County;159443;161182;162898;525;1739;1716
39047;Ohio;Fayette County;28971;28929;28839;24;-42;-90
39049;Ohio;Franklin County;1324357;1317560;1321820;557;-6797;4260
39051;Ohio;Fulton County;42643;42473;42171;-70;-170;-302
39053;Ohio;Gallia County;29241;29220;29068;14;-21;-152
39055;Ohio;Geauga County;95347;95649;95469;-56;302;-180
39057;Ohio;Greene County;168119;167628;168456;148;-491;828
39059;Ohio;Guernsey County;38415;38263;38098;-19;-152;-165
39061;Ohio;Hamilton County;830320;827501;825037;-305;-2819;-2464
39063;Ohio;Hancock County;74930;74775;74861;4;-155;86
39065;Ohio;Hardin County;30724;30446;30416;33;-278;-30
39067;Ohio;Harrison County;14486;14476;14378;4;-10;-98
39069;Ohio;Henry County;27663;27555;27512;1;-108;-43
39071;Ohio;Highland County;43359;43423;43391;42;64;-32
39073;Ohio;Hocking County;28039;28126;27858;-15;87;-268
39075;Ohio;Holmes County;44226;44374;44390;9;148;16
39077;Ohio;Huron County;58485;58431;58218;-80;-54;-213
39079;Ohio;Jackson County;32669;32518;32586;15;-151;68
39081;Ohio;Jefferson County;65171;65111;64330;-76;-60;-781
39083;Ohio;Knox County;62783;62547;63183;72;-236;636
39085;Ohio;Lake County;232508;232223;231842;-16;-285;-381
39087;Ohio;Lawrence County;58136;57400;56653;-100;-736;-747
39089;Ohio;Licking County;178769;179962;181359;260;1193;1397
39091;Ohio;Logan County;46106;46129;46040;-38;23;-89
39093;Ohio;Lorain County;313495;314165;316268;521;670;2103
39095;Ohio;Lucas County;430834;429360;426643;-439;-1474;-2717
39097;Ohio;Madison County;43853;44404;43540;6;551;-864
39099;Ohio;Mahoning County;228005;226443;225636;-616;-1562;-807
39101;Ohio;Marion County;65399;65311;64642;33;-88;-669
39103;Ohio;Medina County;182636;183338;183512;161;702;174
39105;Ohio;Meigs County;22149;22085;21969;-48;-64;-116
39107;Ohio;Mercer County;42526;42369;42348;-2;-157;-21
39109;Ohio;Miami County;108950;109386;110247;173;436;861
39111;Ohio;Monroe County;13349;13324;13234;-34;-25;-90
39113;Ohio;Montgomery County;537093;536169;533892;-223;-924;-2277
39115;Ohio;Morgan County;13756;13689;13668;-46;-67;-21
39117;Ohio;Morrow County;34973;35197;35339;33;224;142
39119;Ohio;Muskingum County;86450;86574;86113;38;124;-461
39121;Ohio;Noble County;14086;14312;14335;-20;226;23
39123;Ohio;Ottawa County;40287;40156;39978;-68;-131;-178
39125;Ohio;Paulding County;18805;18886;18757;2;81;-129
39127;Ohio;Perry County;35448;35454;35480;39;6;26
39129;Ohio;Pickaway County;58646;58770;60023;109;124;1253
39131;Ohio;Pike County;27069;27059;27005;-20;-10;-54
39133;Ohio;Portage County;161833;158978;161745;43;-2855;2767
39135;Ohio;Preble County;41001;40894;40596;3;-107;-298
39137;Ohio;Putnam County;34395;34353;34334;-53;-42;-19
39139;Ohio;Richland County;124962;125327;125319;29;365;-8
39141;Ohio;Ross County;77064;76540;76606;-31;-524;66
39143;Ohio;Sandusky County;58865;58763;58667;-35;-102;-96
39145;Ohio;Scioto County;73844;73012;72194;-168;-832;-818
39147;Ohio;Seneca County;55051;54954;54632;-29;-97;-322
39149;Ohio;Shelby County;48138;48030;47671;-84;-108;-359
39151;Ohio;Stark County;374486;373659;372657;-367;-827;-1002
39153;Ohio;Summit County;539792;537247;535882;-644;-2545;-1365
39155;Ohio;Trumbull County;201672;201444;200643;-397;-228;-801
39157;Ohio;Tuscarawas County;93183;92608;91937;-82;-575;-671
39159;Ohio;Union County;63089;65110;66898;299;2021;1788
39161;Ohio;Van Wert County;28919;28776;28769;-18;-143;-7
39163;Ohio;Vinton County;12804;12707;12565;0;-97;-142
39165;Ohio;Warren County;243201;246822;249778;863;3621;2956
39167;Ohio;Washington County;59644;59459;58901;-125;-185;-558
39169;Ohio;Wayne County;116906;116129;116559;17;-777;430
39171;Ohio;Williams County;37077;36743;36652;-29;-334;-91
39173;Ohio;Wood County;132248;130331;131592;-3;-1917;1261
39175;Ohio;Wyandot County;21861;21704;21567;-33;-157;-137
40001;Oklahoma;Adair County;19451;19479;19576;-43;28;97
40003;Oklahoma;Alfalfa County;5708;5681;5637;8;-27;-44
40005;Oklahoma;Atoka County;14154;14252;14262;19;98;10
40007;Oklahoma;Beaver County;5029;4999;5016;-23;-30;17
40009;Oklahoma;Beckham County;22342;22044;22009;-69;-298;-35
40011;Oklahoma;Blaine County;8702;8523;8409;-29;-179;-114
40013;Oklahoma;Bryan County;46327;47187;48182;255;860;995
40015;Oklahoma;Caddo County;26900;26441;26198;-34;-459;-243
40017;Oklahoma;Canadian County;155425;161981;169149;1271;6556;7168
40019;Oklahoma;Carter County;48036;48324;48510;32;288;186
40021;Oklahoma;Cherokee County;47090;47631;48098;17;541;467
40023;Oklahoma;Choctaw County;14201;14314;14358;-2;113;44
40025;Oklahoma;Cimarron County;2290;2255;2252;-3;-35;-3
40027;Oklahoma;Cleveland County;296207;298099;299587;693;1892;1488
40029;Oklahoma;Coal County;5284;5319;5313;14;35;-6
40031;Oklahoma;Comanche County;121125;122438;123046;1;1313;608
40033;Oklahoma;Cotton County;5535;5467;5477;12;-68;10
40035;Oklahoma;Craig County;14136;14176;14123;32;40;-53
40037;Oklahoma;Creek County;71837;72186;72699;84;349;513
40039;Oklahoma;Custer County;28444;28132;27886;-77;-312;-246
40041;Oklahoma;Delaware County;40385;40927;41413;-8;542;486
40043;Oklahoma;Dewey County;4474;4415;4401;-7;-59;-14
40045;Oklahoma;Ellis County;3739;3731;3657;-8;-8;-74
40047;Oklahoma;Garfield County;62692;61947;61920;-152;-745;-27
40049;Oklahoma;Garvin County;25645;25738;25713;-10;93;-25
40051;Oklahoma;Grady County;54873;55608;56658;73;735;1050
40053;Oklahoma;Grant County;4174;4153;4124;12;-21;-29
40055;Oklahoma;Greer County;5493;5483;5547;1;-10;64
40057;Oklahoma;Harmon County;2473;2413;2428;-15;-60;15
40059;Oklahoma;Harper County;3248;3172;3129;-18;-76;-43
40061;Oklahoma;Haskell County;11552;11601;11641;-10;49;40
40063;Oklahoma;Hughes County;13348;13394;13407;-19;46;13
40065;Oklahoma;Jackson County;24736;24720;24556;-49;-16;-164
40067;Oklahoma;Jefferson County;5325;5396;5389;-13;71;-7
40069;Oklahoma;Johnston County;10241;10357;10406;-35;116;49
40071;Oklahoma;Kay County;43609;43724;43668;-92;115;-56
40073;Oklahoma;Kingfisher County;15174;15253;15293;-13;79;40
40075;Oklahoma;Kiowa County;8493;8358;8345;-10;-135;-13
40077;Oklahoma;Latimer County;9481;9482;9630;35;1;148
40079;Oklahoma;Le Flore County;48195;48601;48907;64;406;306
40081;Oklahoma;Lincoln County;33495;33856;34188;35;361;332
40083;Oklahoma;Logan County;49743;50924;51933;191;1181;1009
40085;Oklahoma;Love County;10159;10244;10218;13;85;-26
40087;Oklahoma;McClain County;41911;43497;45306;244;1586;1809
40089;Oklahoma;McCurtain County;30838;30884;30931;29;46;47
40091;Oklahoma;McIntosh County;18950;19262;19451;6;312;189
40093;Oklahoma;Major County;7746;7617;7502;-35;-129;-115
40095;Oklahoma;Marshall County;15340;15546;15882;37;206;336
40097;Oklahoma;Mayes County;39053;39246;39589;9;193;343
40099;Oklahoma;Murray County;13877;13712;13672;-28;-165;-40
40101;Oklahoma;Muskogee County;66241;66255;66354;-103;14;99
40103;Oklahoma;Noble County;10922;10942;10896;-3;20;-46
40105;Oklahoma;Nowata County;9322;9387;9483;0;65;96
40107;Oklahoma;Okfuskee County;11271;11196;11134;-43;-75;-62
40109;Oklahoma;Oklahoma County;798200;799622;802559;1633;1422;2937
40111;Oklahoma;Okmulgee County;36686;36827;36990;-20;141;163
40113;Oklahoma;Osage County;45778;45868;45839;-45;90;-29
40115;Oklahoma;Ottawa County;30229;30400;30338;-62;171;-62
40117;Oklahoma;Pawnee County;15552;15761;15757;1;209;-4
40119;Oklahoma;Payne County;81645;82149;82794;-4;504;645
40121;Oklahoma;Pittsburg County;43784;43695;43613;10;-89;-82
40123;Oklahoma;Pontotoc County;38087;38195;38141;22;108;-54
40125;Oklahoma;Pottawatomie County;72542;73092;73533;93;550;441
40127;Oklahoma;Pushmataha County;10796;10789;10769;-20;-7;-20
40129;Oklahoma;Roger Mills County;3428;3361;3320;-11;-67;-41
40131;Oklahoma;Rogers County;95387;96796;98836;142;1409;2040
40133;Oklahoma;Seminole County;23515;23498;23351;-47;-17;-147
40135;Oklahoma;Sequoyah County;39246;39442;39667;-34;196;225
40137;Oklahoma;Stephens County;42814;43174;43710;-30;360;536
40139;Oklahoma;Texas County;21291;20822;20495;-95;-469;-327
40141;Oklahoma;Tillman County;6948;7039;6977;-19;91;-62
40143;Oklahoma;Tulsa County;670653;673961;677358;1381;3308;3397
40145;Oklahoma;Wagoner County;81379;84198;86644;393;2819;2446
40147;Oklahoma;Washington County;52604;52857;53242;152;253;385
40149;Oklahoma;Washita County;10903;10881;10732;-19;-22;-149
40151;Oklahoma;Woods County;8598;8613;8587;-24;15;-26
40153;Oklahoma;Woodward County;20406;20216;19990;-67;-190;-226
41001;Oregon;Baker County;16725;16873;16938;59;148;65
41003;Oregon;Benton County;95208;96277;97630;25;1069;1353
41005;Oregon;Clackamas County;422444;423763;423177;1040;1319;-586
41007;Oregon;Clatsop County;41160;41916;41695;82;756;-221
41009;Oregon;Columbia County;52730;53229;53588;127;499;359
41011;Oregon;Coos County;64971;65119;64990;42;148;-129
41013;Oregon;Crook County;24923;25753;26375;188;830;622
41015;Oregon;Curry County;23516;23720;23598;69;204;-122
41017;Oregon;Deschutes County;199454;205358;206549;1198;5904;1191
41019;Oregon;Douglas County;111288;112057;112297;86;769;240
41021;Oregon;Gilliam County;2017;2015;2018;20;-2;3
41023;Oregon;Grant County;7241;7288;7218;8;47;-70
41025;Oregon;Harney County;7502;7590;7515;3;88;-75
41027;Oregon;Hood River County;23958;24094;24048;-20;136;-46
41029;Oregon;Jackson County;223614;224327;221644;352;713;-2683
41031;Oregon;Jefferson County;24577;25122;25330;70;545;208
41033;Oregon;Josephine County;88235;88590;87730;143;355;-860
41035;Oregon;Klamath County;69547;70255;70212;131;708;-43
41037;Oregon;Lake County;8167;8285;8385;9;118;100
41039;Oregon;Lane County;383279;384063;382353;304;784;-1710
41041;Oregon;Lincoln County;50507;51026;50813;107;519;-213
41043;Oregon;Linn County;128978;129948;130467;368;970;519
41045;Oregon;Malheur County;31650;31709;31879;75;59;170
41047;Oregon;Marion County;346339;347775;346703;429;1436;-1072
41049;Oregon;Morrow County;12220;12358;12300;33;138;-58
41051;Oregon;Multnomah County;816467;805593;795083;1038;-10874;-10510
41053;Oregon;Polk County;87950;89384;89614;518;1434;230
41055;Oregon;Sherman County;1873;1912;1955;6;39;43
41057;Oregon;Tillamook County;27466;27800;27574;73;334;-226
41059;Oregon;Umatilla County;80098;80154;80215;30;56;61
41061;Oregon;Union County;26167;26276;26177;-30;109;-99
41063;Oregon;Wallowa County;7401;7554;7659;14;153;105
41065;Oregon;Wasco County;26631;26735;26561;-32;104;-174
41067;Oregon;Washington County;601101;602494;600176;718;1393;-2318
41069;Oregon;Wheeler County;1460;1453;1445;11;-7;-8
41071;Oregon;Yamhill County;107931;108436;108226;210;505;-210
42001;Pennsylvania;Adams County;103779;105632;106027;-50;1853;395
42003;Pennsylvania;Allegheny County;1249524;1245445;1233253;-1061;-4079;-12192
42005;Pennsylvania;Armstrong County;65459;65138;64747;-94;-321;-391
42007;Pennsylvania;Beaver County;167860;166914;165677;-368;-946;-1237
42009;Pennsylvania;Bedford County;47569;47495;47418;-4;-74;-77
42011;Pennsylvania;Berks County;428631;429612;430449;-209;981;837
42013;Pennsylvania;Blair County;122651;122181;121032;-169;-470;-1149
42015;Pennsylvania;Bradford County;59969;60099;59866;0;130;-233
42017;Pennsylvania;Bucks County;646112;647159;645054;-414;1047;-2105
42019;Pennsylvania;Butler County;194056;196789;197300;289;2733;511
42021;Pennsylvania;Cambria County;133199;132281;131441;-278;-918;-840
42023;Pennsylvania;Cameron County;4531;4461;4418;-15;-70;-43
42025;Pennsylvania;Carbon County;64744;65460;65460;-6;716;0
42027;Pennsylvania;Centre County;157962;157990;158425;-201;28;435
42029;Pennsylvania;Chester County;534783;540864;545823;375;6081;4959
42031;Pennsylvania;Clarion County;37193;37581;37346;-43;388;-235
42033;Pennsylvania;Clearfield County;80438;78333;77904;-126;-2105;-429
42035;Pennsylvania;Clinton County;37380;38035;37931;-76;655;-104
42037;Pennsylvania;Columbia County;64682;64980;64926;-43;298;-54
42039;Pennsylvania;Crawford County;83797;83202;82670;-140;-595;-532
42041;Pennsylvania;Cumberland County;260223;265593;268579;759;5370;2986
42043;Pennsylvania;Dauphin County;286685;288187;288800;286;1502;613
42045;Pennsylvania;Delaware County;576323;576772;575182;-519;449;-1590
42047;Pennsylvania;Elk County;30926;30771;30477;-58;-155;-294
42049;Pennsylvania;Erie County;270539;269300;267689;-330;-1239;-1611
42051;Pennsylvania;Fayette County;128569;127113;125755;-247;-1456;-1358
42053;Pennsylvania;Forest County;6959;6896;6626;-15;-63;-270
42055;Pennsylvania;Franklin County;155939;156589;156902;-11;650;313
42057;Pennsylvania;Fulton County;14572;14509;14533;13;-63;24
42059;Pennsylvania;Greene County;35859;35269;34663;-87;-590;-606
42061;Pennsylvania;Huntingdon County;44047;43937;43281;-47;-110;-656
42063;Pennsylvania;Indiana County;83142;83158;82957;-89;16;-201
42065;Pennsylvania;Jefferson County;44478;44142;43794;-18;-336;-348
42067;Pennsylvania;Juniata County;23471;23348;23339;-25;-123;-9
42069;Pennsylvania;Lackawanna County;215523;215957;215615;-388;434;-342
42071;Pennsylvania;Lancaster County;552761;556049;556629;-208;3288;580
42073;Pennsylvania;Lawrence County;85959;85554;84849;-110;-405;-705
42075;Pennsylvania;Lebanon County;143282;143809;144011;20;527;202
42077;Pennsylvania;Lehigh County;374477;375760;376317;-95;1283;557
42079;Pennsylvania;Luzerne County;325197;325889;326369;-416;692;480
42081;Pennsylvania;Lycoming County;114108;113595;113104;-74;-513;-491
42083;Pennsylvania;McKean County;40392;40292;39866;-34;-100;-426
42085;Pennsylvania;Mercer County;110534;109950;109220;-122;-584;-730
42087;Pennsylvania;Mifflin County;46144;46187;45988;-1;43;-199
42089;Pennsylvania;Monroe County;168316;168629;167198;-7;313;-1431
42091;Pennsylvania;Montgomery County;856938;864022;864683;379;7084;661
42093;Pennsylvania;Montour County;18129;18103;18091;-16;-26;-12
42095;Pennsylvania;Northampton County;312774;318051;318526;-181;5277;475
42097;Pennsylvania;Northumberland County;91542;91013;90133;-105;-529;-880
42099;Pennsylvania;Perry County;45828;45941;46114;-9;113;173
42101;Pennsylvania;Philadelphia County;1600600;1589480;1567258;-3199;-11120;-22222
42103;Pennsylvania;Pike County;58560;59965;60558;23;1405;593
42105;Pennsylvania;Potter County;16385;16287;16220;-16;-98;-67
42107;Pennsylvania;Schuylkill County;142946;143201;143104;-102;255;-97
42109;Pennsylvania;Snyder County;39727;39742;39652;-8;15;-90
42111;Pennsylvania;Somerset County;74016;72999;72710;-131;-1017;-289
42113;Pennsylvania;Sullivan County;5823;5859;5855;-9;36;-4
42115;Pennsylvania;Susquehanna County;38334;38363;38074;-89;29;-289
42117;Pennsylvania;Tioga County;41014;41335;41106;-32;321;-229
42119;Pennsylvania;Union County;42639;42419;42744;-36;-220;325
42121;Pennsylvania;Venango County;50354;50038;49777;-101;-316;-261
42123;Pennsylvania;Warren County;38516;38115;37808;-78;-401;-307
42125;Pennsylvania;Washington County;209382;210012;210383;57;630;371
42127;Pennsylvania;Wayne County;51151;51195;51173;0;44;-22
42129;Pennsylvania;Westmoreland County;354316;353765;352057;-347;-551;-1708
42131;Pennsylvania;Wyoming County;26030;26100;26014;-43;70;-86
42133;Pennsylvania;York County;456692;459148;461058;250;2456;1910
44001;Rhode Island;Bristol County;50774;50800;50360;-12;26;-440
44003;Rhode Island;Kent County;170386;170997;171275;28;611;278
44005;Rhode Island;Newport County;85508;85662;84481;-144;154;-1181
44007;Rhode Island;Providence County;659920;658646;657288;-819;-1274;-1358
44009;Rhode Island;Washington County;129757;130880;130330;-79;1123;-550
45001;South Carolina;Abbeville County;24256;24258;24356;-31;2;98
45003;South Carolina;Aiken County;169163;171263;174150;352;2100;2887
45005;South Carolina;Allendale County;7992;7870;7579;-45;-122;-291
45007;South Carolina;Anderson County;204176;206852;209581;453;2676;2729
45009;South Carolina;Bamberg County;13261;13112;12908;-52;-149;-204
45011;South Carolina;Barnwell County;20580;20580;20414;-5;0;-166
45013;South Carolina;Beaufort County;187819;192007;196371;711;4188;4364
45015;South Carolina;Berkeley County;231538;236871;245117;1684;5333;8246
45017;South Carolina;Calhoun County;14113;14134;14179;-9;21;45
45019;South Carolina;Charleston County;409716;414403;419279;1399;4687;4876
45021;South Carolina;Cherokee County;56207;56025;56121;-9;-182;96
45023;South Carolina;Chester County;32278;32097;31931;-16;-181;-166
45025;South Carolina;Chesterfield County;43250;43337;43683;-20;87;346
45027;South Carolina;Clarendon County;30835;30950;30913;-313;115;-37
45029;South Carolina;Colleton County;38536;38427;38599;-68;-109;172
45031;South Carolina;Darlington County;62843;62708;62398;-64;-135;-310
45033;South Carolina;Dillon County;28275;27981;27738;-20;-294;-243
45035;South Carolina;Dorchester County;162159;163508;166133;690;1349;2625
45037;South Carolina;Edgefield County;25672;26285;26932;24;613;647
45039;South Carolina;Fairfield County;20880;20698;20455;-71;-182;-243
45041;South Carolina;Florence County;136811;136439;136721;-253;-372;282
45043;South Carolina;Georgetown County;63506;63991;64722;104;485;731
45045;South Carolina;Greenville County;527207;534521;547950;1668;7314;13429
45047;South Carolina;Greenwood County;69388;69148;69267;39;-240;119
45049;South Carolina;Hampton County;18519;18236;18113;-42;-283;-123
45051;South Carolina;Horry County;353745;366011;383101;2717;12266;17090
45053;South Carolina;Jasper County;29143;30456;32039;337;1313;1583
45055;South Carolina;Kershaw County;65581;66121;67751;174;540;1630
45057;South Carolina;Lancaster County;96576;100522;104577;566;3946;4055
45059;South Carolina;Laurens County;67624;67817;67965;91;193;148
45061;South Carolina;Lee County;16533;16266;16153;3;-267;-113
45063;South Carolina;Lexington County;295033;300482;304797;1048;5449;4315
45065;South Carolina;McCormick County;9505;9782;9764;-17;277;-18
45067;South Carolina;Marion County;29083;28839;28450;-104;-244;-389
45069;South Carolina;Marlboro County;26481;26265;26039;-187;-216;-226
45071;South Carolina;Newberry County;37731;37957;38247;9;226;290
45073;South Carolina;Oconee County;78778;79322;80180;174;544;858
45075;South Carolina;Orangeburg County;83956;82798;83094;-269;-1158;296
45077;South Carolina;Pickens County;131669;132079;133462;268;410;1383
45079;South Carolina;Richland County;415645;417132;421566;-500;1487;4434
45081;South Carolina;Saluda County;18830;18821;18938;-29;-9;117
45083;South Carolina;Spartanburg County;329365;335406;345831;1363;6041;10425
45085;South Carolina;Sumter County;105474;104856;104012;-80;-618;-844
45087;South Carolina;Union County;27176;26994;26752;-64;-182;-242
45089;South Carolina;Williamsburg County;30908;30384;30058;-111;-524;-326
45091;South Carolina;York County;284032;289255;294248;1924;5223;4993
46003;South Dakota;Aurora County;2733;2732;2755;-13;-1;23
46005;South Dakota;Beadle County;19165;19182;19376;12;17;194
46007;South Dakota;Bennett County;3389;3400;3336;11;11;-64
46009;South Dakota;Bon Homme County;6973;7011;7062;-24;38;51
46011;South Dakota;Brookings County;34350;34710;35484;-30;360;774
46013;South Dakota;Brown County;38222;38090;37972;-79;-132;-118
46015;South Dakota;Brule County;5253;5254;5321;0;1;67
46017;South Dakota;Buffalo County;1938;1912;1861;-7;-26;-51
46019;South Dakota;Butte County;10286;10530;10774;48;244;244
46021;South Dakota;Campbell County;1377;1375;1349;2;-2;-26
46023;South Dakota;Charles Mix County;9356;9186;9213;-14;-170;27
46025;South Dakota;Clark County;3855;3867;3912;11;12;45
46027;South Dakota;Clay County;14996;15155;15280;30;159;125
46029;South Dakota;Codington County;28350;28467;28721;27;117;254
46031;South Dakota;Corson County;3891;3843;3826;-10;-48;-17
46033;South Dakota;Custer County;8334;8635;9006;15;301;371
46035;South Dakota;Davison County;19962;19926;19973;2;-36;47
46037;South Dakota;Day County;5442;5435;5479;-9;-7;44
46039;South Dakota;Deuel County;4294;4280;4352;1;-14;72
46041;South Dakota;Dewey County;5224;5218;5140;-18;-6;-78
46043;South Dakota;Douglas County;2829;2809;2776;1;-20;-33
46045;South Dakota;Edmunds County;3982;4028;4065;1;46;37
46047;South Dakota;Fall River County;6972;7189;7370;1;217;181
46049;South Dakota;Faulk County;2128;2126;2126;2;-2;0
46051;South Dakota;Grant County;7532;7532;7463;-24;0;-69
46053;South Dakota;Gregory County;3997;3952;3962;6;-45;10
46055;South Dakota;Haakon County;1870;1834;1826;-6;-36;-8
46057;South Dakota;Hamlin County;6157;6263;6352;-2;106;89
46059;South Dakota;Hand County;3145;3095;3140;-1;-50;45
46061;South Dakota;Hanson County;3465;3496;3461;3;31;-35
46063;South Dakota;Harding County;1307;1320;1330;-2;13;10
46065;South Dakota;Hughes County;17745;17768;17692;-29;23;-76
46067;South Dakota;Hutchinson County;7421;7400;7368;-2;-21;-32
46069;South Dakota;Hyde County;1249;1215;1184;-11;-34;-31
46071;South Dakota;Jackson County;2801;2846;2821;-6;45;-25
46073;South Dakota;Jerauld County;1648;1640;1650;-15;-8;10
46075;South Dakota;Jones County;925;884;884;6;-41;0
46077;South Dakota;Kingsbury County;5203;5201;5294;19;-2;93
46079;South Dakota;Lake County;11008;10863;10972;-49;-145;109
46081;South Dakota;Lawrence County;25838;26138;27214;72;300;1076
46083;South Dakota;Lincoln County;65650;67995;70987;485;2345;2992
46085;South Dakota;Lyman County;3709;3753;3692;-13;44;-61
46087;South Dakota;McCook County;5673;5723;5778;-9;50;55
46089;South Dakota;McPherson County;2402;2414;2395;-7;12;-19
46091;South Dakota;Marshall County;4315;4319;4374;-2;4;55
46093;South Dakota;Meade County;29900;30270;30698;49;370;428
46095;South Dakota;Mellette County;1921;1908;1892;1;-13;-16
46097;South Dakota;Miner County;2310;2329;2304;3;19;-25
46099;South Dakota;Minnehaha County;197686;199925;203971;477;2239;4046
46101;South Dakota;Moody County;6343;6314;6349;3;-29;35
46102;South Dakota;Oglala Lakota County;13645;13549;13519;-24;-96;-30
46103;South Dakota;Pennington County;109563;111854;114461;332;2291;2607
46105;South Dakota;Perkins County;2842;2823;2804;0;-19;-19
46107;South Dakota;Potter County;2480;2471;2438;0;-9;-33
46109;South Dakota;Roberts County;10250;10178;10163;-21;-72;-15
46111;South Dakota;Sanborn County;2325;2383;2415;-5;58;32
46115;South Dakota;Spink County;6347;6273;6235;-15;-74;-38
46117;South Dakota;Stanley County;2969;3017;2999;-11;48;-18
46119;South Dakota;Sully County;1452;1471;1471;4;19;0
46121;South Dakota;Todd County;9317;9292;9220;-2;-25;-72
46123;South Dakota;Tripp County;5603;5566;5565;-18;-37;-1
46125;South Dakota;Turner County;8672;8682;8856;10;10;174
46127;South Dakota;Union County;16853;16868;17063;40;15;195
46129;South Dakota;Walworth County;5286;5246;5265;-24;-40;19
46135;South Dakota;Yankton County;23282;23334;23373;-29;52;39
46137;South Dakota;Ziebach County;2392;2400;2395;-21;8;-5
47001;Tennessee;Anderson County;77302;77567;78913;166;265;1346
47003;Tennessee;Bedford County;50381;51157;51950;142;776;793
47005;Tennessee;Benton County;15850;15839;16002;-13;-11;163
47007;Tennessee;Bledsoe County;14954;14844;14798;38;-110;-46
47009;Tennessee;Blount County;135649;137649;139958;366;2000;2309
47011;Tennessee;Bradley County;108820;109769;110616;200;949;847
47013;Tennessee;Campbell County;39301;39409;39584;24;108;175
47015;Tennessee;Cannon County;14568;14535;14788;56;-33;253
47017;Tennessee;Carroll County;28421;28287;28458;-13;-134;171
47019;Tennessee;Carter County;56362;56060;56410;13;-302;350
47021;Tennessee;Cheatham County;41128;41547;41830;63;419;283
47023;Tennessee;Chester County;17377;17479;17609;29;102;130
47025;Tennessee;Claiborne County;32066;32146;32431;28;80;285
47027;Tennessee;Clay County;7588;7572;7620;8;-16;48
47029;Tennessee;Cocke County;36039;36370;36879;41;331;509
47031;Tennessee;Coffee County;58134;58933;59728;252;799;795
47033;Tennessee;Crockett County;13903;13993;13888;-6;90;-105
47035;Tennessee;Cumberland County;61377;62431;63522;225;1054;1091
47037;Tennessee;Davidson County;716058;703372;708144;183;-12686;4772
47039;Tennessee;Decatur County;11437;11413;11564;-5;-24;151
47041;Tennessee;DeKalb County;20187;20478;21003;109;291;525
47043;Tennessee;Dickson County;54442;55174;55761;128;732;587
47045;Tennessee;Dyer County;36709;36586;36410;-94;-123;-176
47047;Tennessee;Fayette County;42151;42899;43630;149;748;731
47049;Tennessee;Fentress County;18533;18837;19332;44;304;495
47051;Tennessee;Franklin County;42839;43247;43942;70;408;695
47053;Tennessee;Gibson County;50436;50537;50837;27;101;300
47055;Tennessee;Giles County;30340;30403;30554;-4;63;151
47057;Tennessee;Grainger County;23563;23833;24277;36;270;444
47059;Tennessee;Greene County;70333;70603;71405;181;270;802
47061;Tennessee;Grundy County;13539;13586;13783;14;47;197
47063;Tennessee;Hamblen County;64537;64390;65168;37;-147;778
47065;Tennessee;Hamilton County;367242;369027;374682;1027;1785;5655
47067;Tennessee;Hancock County;6625;6777;6845;-34;152;68
47069;Tennessee;Hardeman County;25432;25276;25529;-28;-156;253
47071;Tennessee;Hardin County;26805;26878;27077;-24;73;199
47073;Tennessee;Hawkins County;56710;57257;58043;-8;547;786
47075;Tennessee;Haywood County;17824;17715;17550;-38;-109;-165
47077;Tennessee;Henderson County;27827;27916;27929;-14;89;13
47079;Tennessee;Henry County;32144;32250;32379;-53;106;129
47081;Tennessee;Hickman County;24969;25085;25455;60;116;370
47083;Tennessee;Houston County;8303;8282;8219;22;-21;-63
47085;Tennessee;Humphreys County;19001;19200;19106;9;199;-94
47087;Tennessee;Jackson County;11634;11777;11989;15;143;212
47089;Tennessee;Jefferson County;54908;55562;56727;229;654;1165
47091;Tennessee;Johnson County;17990;18056;18086;40;66;30
47093;Tennessee;Knox County;480500;486812;494574;1519;6312;7762
47095;Tennessee;Lake County;6988;6597;6507;-16;-391;-90
47097;Tennessee;Lauderdale County;25120;24922;24793;-19;-198;-129
47099;Tennessee;Lawrence County;44182;44729;45415;19;547;686
47101;Tennessee;Lewis County;12602;12854;12957;21;252;103
47103;Tennessee;Lincoln County;35335;35451;36004;9;116;553
47105;Tennessee;Loudon County;55127;56672;58181;240;1545;1509
47107;Tennessee;McMinn County;53344;53907;54719;69;563;812
47109;Tennessee;McNairy County;25858;25854;25988;-1;-4;134
47111;Tennessee;Macon County;25263;25682;26229;48;419;547
47113;Tennessee;Madison County;98833;98585;99245;-10;-248;660
47115;Tennessee;Marion County;28865;28927;29094;30;62;167
47117;Tennessee;Marshall County;34466;35032;35878;146;566;846
47119;Tennessee;Maury County;101824;105003;108159;849;3179;3156
47121;Tennessee;Meigs County;12807;13029;13272;52;222;243
47123;Tennessee;Monroe County;46395;46668;47740;146;273;1072
47125;Tennessee;Montgomery County;221265;227841;235201;1271;6576;7360
47127;Tennessee;Moore County;6471;6652;6742;2;181;90
47129;Tennessee;Morgan County;21038;21101;21224;11;63;123
47131;Tennessee;Obion County;30767;30498;30394;-21;-269;-104
47133;Tennessee;Overton County;22592;22856;23044;78;264;188
47135;Tennessee;Perry County;8379;8473;8685;-2;94;212
47137;Tennessee;Pickett County;5002;5082;5107;-4;80;25
47139;Tennessee;Polk County;17568;17784;17863;21;216;79
47141;Tennessee;Putnam County;80052;81255;82382;208;1203;1127
47143;Tennessee;Rhea County;32934;33205;33730;64;271;525
47145;Tennessee;Roane County;53510;54056;55082;117;546;1026
47147;Tennessee;Robertson County;72945;74088;75470;142;1143;1382
47149;Tennessee;Rutherford County;343266;351202;360619;1785;7936;9417
47151;Tennessee;Scott County;21878;21895;22035;26;17;140
47153;Tennessee;Sequatchie County;15850;16445;16909;21;595;464
47155;Tennessee;Sevier County;98562;99435;98789;171;873;-646
47157;Tennessee;Shelby County;929388;923352;916371;-334;-6036;-6981
47159;Tennessee;Smith County;19970;20181;20489;56;211;308
47161;Tennessee;Stewart County;13711;13830;14035;49;119;205
47163;Tennessee;Sullivan County;158237;159167;160820;76;930;1653
47165;Tennessee;Sumner County;197396;200582;203858;1115;3186;3276
47167;Tennessee;Tipton County;61041;61049;61656;62;8;607
47169;Tennessee;Trousdale County;11638;11619;12111;28;-19;492
47171;Tennessee;Unicoi County;17883;17667;17674;-41;-216;7
47173;Tennessee;Union County;19841;19996;20452;39;155;456
47175;Tennessee;Van Buren County;6174;6277;6429;6;103;152
47177;Tennessee;Warren County;41054;41529;42026;103;475;497
47179;Tennessee;Washington County;133213;133525;136172;208;312;2647
47181;Tennessee;Wayne County;16222;16336;16308;-10;114;-28
47183;Tennessee;Weakley County;32899;32870;33063;-3;-29;193
47185;Tennessee;White County;27443;27557;28064;87;114;507
47187;Tennessee;Williamson County;249538;256209;260815;1805;6671;4606
47189;Tennessee;Wilson County;148645;152010;158555;898;3365;6545
48001;Texas;Anderson County;57926;58233;58064;4;307;-169
48003;Texas;Andrews County;18617;18411;18334;3;-206;-77
48005;Texas;Angelina County;86376;86654;87101;-18;278;447
48007;Texas;Aransas County;23932;24519;24944;101;587;425
48009;Texas;Archer County;8554;8684;8835;0;130;151
48011;Texas;Armstrong County;1849;1838;1850;3;-11;12
48013;Texas;Atascosa County;49134;49886;50864;149;752;978
48015;Texas;Austin County;30131;30421;31097;-37;290;676
48017;Texas;Bailey County;6868;6803;6779;-36;-65;-24
48019;Texas;Bandera County;20992;21551;22115;149;559;564
48021;Texas;Bastrop County;98046;102166;106188;828;4120;4022
48023;Texas;Baylor County;3461;3456;3466;-4;-5;10
48025;Texas;Bee County;31049;30828;30394;-12;-221;-434
48027;Texas;Bell County;372229;380241;388386;1585;8012;8145
48029;Texas;Bexar County;2015369;2030895;2059530;6047;15526;28635
48031;Texas;Blanco County;11450;11890;12418;74;440;528
48033;Texas;Borden County;641;621;585;13;-20;-36
48035;Texas;Bosque County;18245;18495;18697;19;250;202
48037;Texas;Bowie County;92924;92291;92035;21;-633;-256
48039;Texas;Brazoria County;373481;378858;388181;1441;5377;9323
48041;Texas;Brazos County;234486;237583;242014;638;3097;4431
48043;Texas;Brewster County;9553;9459;9343;8;-94;-116
48045;Texas;Briscoe County;1419;1400;1431;-15;-19;31
48047;Texas;Brooks County;7057;6994;6906;-29;-63;-88
48049;Texas;Brown County;38048;38142;38373;-53;94;231
48051;Texas;Burleson County;17680;18110;18657;38;430;547
48053;Texas;Burnet County;49473;51080;52502;350;1607;1422
48055;Texas;Caldwell County;45949;46904;47848;62;955;944
48057;Texas;Calhoun County;20063;19798;19706;-42;-265;-92
48059;Texas;Callahan County;13744;14078;14210;41;334;132
48061;Texas;Cameron County;421445;423124;425208;433;1679;2084
48063;Texas;Camp County;12427;12594;12716;-38;167;122
48065;Texas;Carson County;5791;5708;5784;-8;-83;76
48067;Texas;Cass County;28436;28557;28539;-9;121;-18
48069;Texas;Castro County;7336;7362;7298;-40;26;-64
48071;Texas;Chambers County;47025;48721;51288;454;1696;2567
48073;Texas;Cherokee County;50488;51163;51645;77;675;482
48075;Texas;Childress County;6662;6781;6809;-4;119;28
48077;Texas;Clay County;10250;10315;10486;37;65;171
48079;Texas;Cochran County;2557;2491;2526;14;-66;35
48081;Texas;Coke County;3295;3313;3333;15;18;20
48083;Texas;Coleman County;7686;7736;7850;0;50;114
48085;Texas;Collin County;1075654;1114450;1158696;9189;38796;44246
48087;Texas;Collingsworth County;2638;2603;2568;-10;-35;-35
48089;Texas;Colorado County;20558;20592;20754;3;34;162
48091;Texas;Comal County;163640;174891;184642;2158;11251;9751
48093;Texas;Comanche County;13628;13804;13878;38;176;74
48095;Texas;Concho County;3303;3336;3340;0;33;4
48097;Texas;Cooke County;41744;42408;43050;73;664;642
48099;Texas;Coryell County;83146;84406;85057;55;1260;651
48101;Texas;Cottle County;1364;1357;1307;-16;-7;-50
48103;Texas;Crane County;4673;4639;4546;-3;-34;-93
48105;Texas;Crockett County;3094;3015;2943;-3;-79;-72
48107;Texas;Crosby County;5093;5085;4998;-32;-8;-87
48109;Texas;Culberson County;2185;2182;2155;-3;-3;-27
48111;Texas;Dallam County;7126;7188;7241;5;62;53
48113;Texas;Dallas County;2609966;2587954;2600840;-1525;-22012;12886
48115;Texas;Dawson County;12473;12412;12130;16;-61;-282
48117;Texas;Deaf Smith County;18526;18345;18377;-59;-181;32
48119;Texas;Delta County;5222;5337;5406;-3;115;69
48121;Texas;Denton County;914324;943857;977281;7919;29533;33424
48123;Texas;DeWitt County;19835;19949;19772;13;114;-177
48125;Texas;Dickens County;1758;1734;1726;-11;-24;-8
48127;Texas;Dimmit County;8577;8479;8387;-34;-98;-92
48129;Texas;Donley County;3279;3364;3339;18;85;-25
48131;Texas;Duval County;9807;10003;9888;-20;196;-115
48133;Texas;Eastland County;17775;17834;17944;42;59;110
48135;Texas;Ector County;165485;160764;160869;314;-4721;105
48137;Texas;Edwards County;1424;1431;1422;-3;7;-9
48139;Texas;Ellis County;194295;203107;212182;1854;8812;9075
48141;Texas;El Paso County;866547;868086;868763;892;1539;677
48143;Texas;Erath County;42716;43389;43895;171;673;506
48145;Texas;Falls County;16954;17099;17049;-9;145;-50
48147;Texas;Fannin County;35798;36716;37125;137;918;409
48149;Texas;Fayette County;24471;24669;24913;35;198;244
48151;Texas;Fisher County;3676;3678;3622;5;2;-56
48153;Texas;Floyd County;5368;5299;5235;-29;-69;-64
48155;Texas;Foard County;1085;1052;1057;-7;-33;5
48157;Texas;Fort Bend County;829036;860124;889146;6257;31088;29022
48159;Texas;Franklin County;10371;10472;10618;14;101;146
48161;Texas;Freestone County;19445;19784;19950;0;339;166
48163;Texas;Frio County;18409;17548;17815;17;-861;267
48165;Texas;Gaines County;21699;21881;22181;100;182;300
48167;Texas;Galveston County;351559;355309;357117;886;3750;1808
48169;Texas;Garza County;5817;6269;6262;1;452;-7
48171;Texas;Gillespie County;26742;27282;27477;20;540;195
48173;Texas;Glasscock County;1117;1142;1164;2;25;22
48175;Texas;Goliad County;7021;7146;7131;3;125;-15
48177;Texas;Gonzales County;19679;19655;19832;22;-24;177
48179;Texas;Gray County;21198;21085;21015;-31;-113;-70
48181;Texas;Grayson County;136100;139561;143131;548;3461;3570
48183;Texas;Gregg County;124241;124052;125443;7;-189;1391
48185;Texas;Grimes County;29430;30106;30754;138;676;648
48187;Texas;Guadalupe County;173686;177254;182760;977;3568;5506
48189;Texas;Hale County;32465;32234;31827;-61;-231;-407
48191;Texas;Hall County;2797;2845;2810;-20;48;-35
48193;Texas;Hamilton County;8247;8238;8298;26;-9;60
48195;Texas;Hansford County;5260;5138;5151;-21;-122;13
48197;Texas;Hardeman County;3559;3544;3516;10;-15;-28
48199;Texas;Hardin County;56344;57044;57811;110;700;767
48201;Texas;Harris County;4734505;4735287;4780913;3376;782;45626
48203;Texas;Harrison County;68798;69454;69955;-36;656;501
48205;Texas;Hartley County;5349;5389;5208;-27;40;-181
48207;Texas;Haskell County;5432;5392;5403;20;-40;11
48209;Texas;Hays County;243967;256065;269225;2901;12098;13160
48211;Texas;Hemphill County;3363;3315;3217;-20;-48;-98
48213;Texas;Henderson County;82394;83590;84511;249;1196;921
48215;Texas;Hidalgo County;872806;880633;888367;2010;7827;7734
48217;Texas;Hill County;35962;36430;37329;93;468;899
48219;Texas;Hockley County;21503;21256;21161;-40;-247;-95
48221;Texas;Hood County;62054;64263;66373;457;2209;2110
48223;Texas;Hopkins County;36824;37237;37804;32;413;567
48225;Texas;Houston County;22055;21958;21950;-12;-97;-8
48227;Texas;Howard County;34812;34336;33672;-52;-476;-664
48229;Texas;Hudspeth County;3203;3289;3432;-3;86;143
48231;Texas;Hunt County;100257;103458;108282;300;3201;4824
48233;Texas;Hutchinson County;20568;20411;20215;-46;-157;-196
48235;Texas;Irion County;1511;1531;1530;-2;20;-1
48237;Texas;Jack County;8486;8718;8922;12;232;204
48239;Texas;Jackson County;14992;15097;15142;5;105;45
48241;Texas;Jasper County;32921;32570;32484;-62;-351;-86
48243;Texas;Jeff Davis County;1986;1959;1903;-14;-27;-56
48245;Texas;Jefferson County;256118;253531;250830;-408;-2587;-2701
48247;Texas;Jim Hogg County;4846;4797;4763;11;-49;-34
48249;Texas;Jim Wells County;38877;38923;38826;-16;46;-97
48251;Texas;Johnson County;180945;187442;195506;946;6497;8064
48253;Texas;Jones County;19678;19809;19935;25;131;126
48255;Texas;Karnes County;14763;14714;14836;56;-49;122
48257;Texas;Kaufman County;147126;158216;172366;1823;11090;14150
48259;Texas;Kendall County;44547;46851;48973;266;2304;2122
48261;Texas;Kenedy County;351;342;358;-1;-9;16
48263;Texas;Kent County;761;746;740;8;-15;-6
48265;Texas;Kerr County;52691;53136;53741;97;445;605
48267;Texas;Kimble County;4291;4350;4422;11;59;72
48269;Texas;King County;266;256;233;4;-10;-23
48271;Texas;Kinney County;3124;3117;3128;-7;-7;11
48273;Texas;Kleberg County;30977;30642;30362;-61;-335;-280
48275;Texas;Knox County;3346;3307;3273;-7;-39;-34
48277;Texas;Lamar County;50126;50305;50484;44;179;179
48279;Texas;Lamb County;13005;12886;12724;-38;-119;-162
48281;Texas;Lampasas County;21707;22213;22785;75;506;572
48283;Texas;La Salle County;6664;6716;6604;-3;52;-112
48285;Texas;Lavaca County;20348;20490;20589;11;142;99
48287;Texas;Lee County;17502;17671;17954;22;169;283
48289;Texas;Leon County;15731;15985;16209;14;254;224
48291;Texas;Liberty County;92465;97382;101992;833;4917;4610
48293;Texas;Limestone County;22139;22125;22253;-8;-14;128
48295;Texas;Lipscomb County;3036;2907;2854;-22;-129;-53
48297;Texas;Live Oak County;11349;11383;11428;16;34;45
48299;Texas;Llano County;21285;22013;22540;42;728;527
48301;Texas;Loving County;65;57;51;2;-8;-6
48303;Texas;Lubbock County;311564;314597;317561;922;3033;2964
48305;Texas;Lynn County;5610;5652;5724;15;42;72
48307;Texas;McCulloch County;7591;7532;7497;-43;-59;-35
48309;Texas;McLennan County;261177;263714;266836;595;2537;3122
48311;Texas;McMullen County;598;597;576;-2;-1;-21
48313;Texas;Madison County;13464;13498;13661;1;34;163
48315;Texas;Marion County;9751;9618;9560;23;-133;-58
48317;Texas;Martin County;5252;5208;5217;13;-44;9
48319;Texas;Mason County;3968;3929;3982;17;-39;53
48321;Texas;Matagorda County;36280;36366;36125;31;86;-241
48323;Texas;Maverick County;57873;57841;57843;-12;-32;2
48325;Texas;Medina County;50939;52322;53723;200;1383;1401
48327;Texas;Menard County;1961;1964;1968;-3;3;4
48329;Texas;Midland County;170348;168206;171999;364;-2142;3793
48331;Texas;Milam County;24775;25189;25628;25;414;439
48333;Texas;Mills County;4447;4497;4500;-7;50;3
48335;Texas;Mitchell County;9014;9050;8943;23;36;-107
48337;Texas;Montague County;19994;20430;21063;29;436;633
48339;Texas;Montgomery County;625243;650261;678490;4792;25018;28229
48341;Texas;Moore County;21264;21122;20996;-98;-142;-126
48343;Texas;Morris County;11972;12009;12083;1;37;74
48345;Texas;Motley County;1063;1065;1032;0;2;-33
48347;Texas;Nacogdoches County;64619;64699;64862;-32;80;163
48349;Texas;Navarro County;52828;53616;54636;205;788;1020
48351;Texas;Newton County;12157;12202;12052;-59;45;-150
48353;Texas;Nolan County;14723;14600;14473;-13;-123;-127
48355;Texas;Nueces County;353376;353230;351674;206;-146;-1556
48357;Texas;Ochiltree County;9954;9763;9606;-61;-191;-157
48359;Texas;Oldham County;1764;1730;1752;5;-34;22
48361;Texas;Orange County;84747;84641;84934;-59;-106;293
48363;Texas;Palo Pinto County;28445;28676;29239;37;231;563
48365;Texas;Panola County;22492;22538;22677;0;46;139
48367;Texas;Parker County;149547;156966;165834;1319;7419;8868
48369;Texas;Parmer County;9854;9779;9620;-17;-75;-159
48371;Texas;Pecos County;15185;15126;14735;-12;-59;-391
48373;Texas;Polk County;50494;51816;53255;375;1322;1439
48375;Texas;Potter County;118272;116538;115645;-255;-1734;-893
48377;Texas;Presidio County;6109;6115;5939;-25;6;-176
48379;Texas;Rains County;12178;12449;12823;24;271;374
48381;Texas;Randall County;141342;144039;146140;581;2697;2101
48383;Texas;Reagan County;3378;3228;3135;-5;-150;-93
48385;Texas;Real County;2743;2806;2840;-8;63;34
48387;Texas;Red River County;11560;11547;11542;-28;-13;-5
48389;Texas;Reeves County;14763;13002;12905;22;-1761;-97
48391;Texas;Refugio County;6742;6700;6632;3;-42;-68
48393;Texas;Roberts County;822;798;803;-6;-24;5
48395;Texas;Robertson County;16771;16948;17153;12;177;205
48397;Texas;Rockwall County;109136;116549;123208;1304;7413;6659
48399;Texas;Runnels County;9919;9886;9859;20;-33;-27
48401;Texas;Rusk County;52257;53071;53333;34;814;262
48403;Texas;Sabine County;9888;9989;10048;-4;101;59
48405;Texas;San Augustine County;7923;7900;7857;2;-23;-43
48407;Texas;San Jacinto County;27531;27829;28348;132;298;519
48409;Texas;San Patricio County;68838;69701;69954;84;863;253
48411;Texas;San Saba County;5722;5824;5824;2;102;0
48413;Texas;Schleicher County;2445;2443;2357;-9;-2;-86
48415;Texas;Scurry County;16937;16830;16686;8;-107;-144
48417;Texas;Shackelford County;3105;3177;3186;3;72;9
48419;Texas;Shelby County;23927;23962;24008;-95;35;46
48421;Texas;Sherman County;2787;2791;2799;7;4;8
48423;Texas;Smith County;234195;237114;241922;711;2919;4808
48425;Texas;Somervell County;9204;9472;9757;0;268;285
48427;Texas;Starr County;65861;65972;65728;-57;111;-244
48429;Texas;Stephens County;9098;9434;9390;-6;336;-44
48431;Texas;Sterling County;1381;1382;1417;12;1;35
48433;Texas;Stonewall County;1245;1208;1182;-1;-37;-26
48435;Texas;Sutton County;3355;3284;3217;-17;-71;-67
48437;Texas;Swisher County;6946;6996;6881;-25;50;-115
48439;Texas;Tarrant County;2115682;2129402;2154595;5074;13720;25193
48441;Texas;Taylor County;143444;143942;145163;239;498;1221
48443;Texas;Terrell County;750;720;693;-10;-30;-27
48445;Texas;Terry County;11794;11721;11567;-38;-73;-154
48447;Texas;Throckmorton County;1453;1508;1550;11;55;42
48449;Texas;Titus County;31292;31266;31208;47;-26;-58
48451;Texas;Tom Green County;120194;119250;118892;187;-944;-358
48453;Texas;Travis County;1296515;1308544;1326436;6306;12029;17892
48455;Texas;Trinity County;13632;13809;13996;32;177;187
48457;Texas;Tyler County;19811;19892;20030;12;81;138
48459;Texas;Upshur County;41038;41811;42488;148;773;677
48461;Texas;Upton County;3301;3241;3152;-7;-60;-89
48463;Texas;Uvalde County;24559;24810;24940;-5;251;130
48465;Texas;Val Verde County;47605;47589;47606;21;-16;17
48467;Texas;Van Zandt County;59749;61200;62859;209;1451;1659
48469;Texas;Victoria County;91303;90897;91065;-17;-406;168
48471;Texas;Walker County;76544;78322;78870;142;1778;548
48473;Texas;Waller County;57304;59474;61894;541;2170;2420
48475;Texas;Ward County;11680;11111;10964;32;-569;-147
48477;Texas;Washington County;35805;35898;36159;1;93;261
48479;Texas;Webb County;267345;267633;267780;235;288;147
48481;Texas;Wharton County;41564;41697;41824;-10;133;127
48483;Texas;Wheeler County;4976;4905;4807;-11;-71;-98
48485;Texas;Wichita County;129617;130006;129978;262;389;-28
48487;Texas;Wilbarger County;12844;12688;12491;-47;-156;-197
48489;Texas;Willacy County;20150;20290;20143;-13;140;-147
48491;Texas;Williamson County;615517;644451;671418;6507;28934;26967
48493;Texas;Wilson County;50051;51281;52735;294;1230;1454
48495;Texas;Winkler County;7750;7373;7306;-41;-377;-67
48497;Texas;Wise County;68943;71888;74895;311;2945;3007
48499;Texas;Wood County;45041;46031;46857;186;990;826
48501;Texas;Yoakum County;7675;7559;7451;-20;-116;-108
48503;Texas;Young County;17847;17911;17962;-20;64;51
48505;Texas;Zapata County;13874;13893;13849;-14;19;-44
48507;Texas;Zavala County;9662;9487;9377;-8;-175;-110
49001;Utah;Beaver County;7087;7203;7327;13;116;124
49003;Utah;Box Elder County;57946;59693;61498;277;1747;1805
49005;Utah;Cache County;133624;137429;140173;465;3805;2744
49007;Utah;Carbon County;20488;20361;20571;70;-127;210
49009;Utah;Daggett County;952;977;1014;16;25;37
49011;Utah;Davis County;363745;367446;369948;1056;3701;2502
49013;Utah;Duchesne County;19617;19806;20161;14;189;355
49015;Utah;Emery County;9842;9963;10099;20;121;136
49017;Utah;Garfield County;5107;5149;5281;15;42;132
49019;Utah;Grand County;9677;9665;9769;8;-12;104
49021;Utah;Iron County;57708;60522;62429;423;2814;1907
49023;Utah;Juab County;11818;12192;12567;40;374;375
49025;Utah;Kane County;7688;7999;8227;25;311;228
49027;Utah;Millard County;13049;13175;13330;72;126;155
49029;Utah;Morgan County;12381;12667;12832;87;286;165
49031;Utah;Piute County;1433;1482;1487;-4;49;5
49033;Utah;Rich County;2500;2581;2628;-10;81;47
49035;Utah;Salt Lake County;1186921;1186440;1186257;1685;-481;-183
49037;Utah;San Juan County;14517;14476;14359;7;-41;-117
49039;Utah;Sanpete County;28521;29138;29724;86;617;586
49041;Utah;Sevier County;21561;21918;22069;44;357;151
49043;Utah;Summit County;42482;43168;43036;118;686;-132
49045;Utah;Tooele County;73338;76734;79934;641;3396;3200
49047;Utah;Uintah County;35671;36232;37141;58;561;909
49049;Utah;Utah County;663559;685806;702434;4167;22247;16628
49051;Utah;Wasatch County;35063;36260;36619;272;1197;359
49053;Utah;Washington County;182009;191476;197680;1728;9467;6204
49055;Utah;Wayne County;2508;2567;2645;18;59;78
49057;Utah;Weber County;262973;266588;269561;760;3615;2973
50001;Vermont;Addison County;37343;37444;37578;-16;101;134
50003;Vermont;Bennington County;37300;37424;37392;-44;124;-32
50005;Vermont;Caledonia County;30183;30423;30579;-52;240;156
50007;Vermont;Chittenden County;168386;169271;169301;62;885;30
50009;Vermont;Essex County;5918;5965;5994;-1;47;29
50011;Vermont;Franklin County;50040;50433;50731;91;393;298
50013;Vermont;Grand Isle County;7276;7418;7489;-15;142;71
50015;Vermont;Lamoille County;25917;26147;26090;-22;230;-57
50017;Vermont;Orange County;29299;29625;29846;10;326;221
50019;Vermont;Orleans County;27404;27601;27666;2;197;65
50021;Vermont;Rutland County;60477;60720;60366;-93;243;-354
50023;Vermont;Washington County;59756;60023;60048;-48;267;25
50025;Vermont;Windham County;45850;46128;45842;-59;278;-286
50027;Vermont;Windsor County;57744;58350;58142;-7;606;-208
51001;Virginia;Accomack County;33388;33364;33191;-29;-24;-173
51003;Virginia;Albemarle County;112502;113742;114534;106;1240;792
51005;Virginia;Alleghany County;15186;15024;14835;-33;-162;-189
51007;Virginia;Amelia County;13268;13337;13455;6;69;118
51009;Virginia;Amherst County;31309;31391;31589;-2;82;198
51011;Virginia;Appomattox County;16154;16398;16748;37;244;350
51013;Virginia;Arlington County;238799;233574;234000;155;-5225;426
51015;Virginia;Augusta County;77567;77778;78064;82;211;286
51017;Virginia;Bath County;4186;4087;4049;-19;-99;-38
51019;Virginia;Bedford County;79553;80287;80848;88;734;561
51021;Virginia;Bland County;6257;6179;6148;-17;-78;-31
51023;Virginia;Botetourt County;33637;33977;34135;44;340;158
51025;Virginia;Brunswick County;15824;15979;15921;-26;155;-58
51027;Virginia;Buchanan County;20249;19861;19352;-99;-388;-509
51029;Virginia;Buckingham County;16826;16940;16982;-4;114;42
51031;Virginia;Campbell County;55625;55375;55141;-64;-250;-234
51033;Virginia;Caroline County;30924;31402;31957;38;478;555
51035;Virginia;Carroll County;29142;29071;29147;-12;-71;76
51036;Virginia;Charles City County;6744;6631;6605;-26;-113;-26
51037;Virginia;Charlotte County;11541;11522;11475;8;-19;-47
51041;Virginia;Chesterfield County;365776;371276;378408;1230;5500;7132
51043;Virginia;Clarke County;14813;14916;15266;26;103;350
51045;Virginia;Craig County;4878;4876;4847;-17;-2;-29
51047;Virginia;Culpeper County;52766;53785;54381;212;1019;596
51049;Virginia;Cumberland County;9666;9696;9746;-11;30;50
51051;Virginia;Dickenson County;14074;13852;13725;-55;-222;-127
51053;Virginia;Dinwiddie County;27888;27999;28161;-52;111;162
51057;Virginia;Essex County;10595;10552;10630;-3;-43;78
51059;Virginia;Fairfax County;1148558;1141645;1138331;-1747;-6913;-3314
51061;Virginia;Fauquier County;72990;74022;74664;34;1032;642
51063;Virginia;Floyd County;15469;15509;15619;-6;40;110
51065;Virginia;Fluvanna County;27285;27797;28159;38;512;362
51067;Virginia;Franklin County;54486;55010;55074;11;524;64
51069;Virginia;Frederick County;91865;94014;95051;444;2149;1037
51071;Virginia;Giles County;16785;16584;16453;-7;-201;-131
51073;Virginia;Gloucester County;38718;39131;39493;2;413;362
51075;Virginia;Goochland County;24853;25499;26109;124;646;610
51077;Virginia;Grayson County;15278;15330;15343;-57;52;13
51079;Virginia;Greene County;20606;21028;21107;52;422;79
51081;Virginia;Greensville County;11382;11412;11226;-7;30;-186
51083;Virginia;Halifax County;33920;33758;33644;-102;-162;-114
51085;Virginia;Hanover County;110195;111821;112938;215;1626;1117
51087;Virginia;Henrico County;334344;333867;333962;-45;-477;95
51089;Virginia;Henry County;50846;50296;49906;-103;-550;-390
51091;Virginia;Highland County;2241;2241;2301;8;0;60
51093;Virginia;Isle of Wight County;38702;39393;40151;92;691;758
51095;Virginia;James City County;78478;79914;81199;223;1436;1285
51097;Virginia;King and Queen County;6588;6668;6718;-18;80;50
51099;Virginia;King George County;26822;27522;27856;100;700;334
51101;Virginia;King William County;17916;18205;18492;105;289;287
51103;Virginia;Lancaster County;10897;10896;10750;-22;-1;-146
51105;Virginia;Lee County;22107;22061;21982;-66;-46;-79
51107;Virginia;Loudoun County;422669;428435;432085;1714;5766;3650
51109;Virginia;Louisa County;37798;39032;40116;195;1234;1084
51111;Virginia;Lunenburg County;11947;11997;12031;10;50;34
51113;Virginia;Madison County;13860;13950;14000;18;90;50
51115;Virginia;Mathews County;8520;8545;8490;-15;25;-55
51117;Virginia;Mecklenburg County;30278;30300;30508;-37;22;208
51119;Virginia;Middlesex County;10616;10772;10943;-10;156;171
51121;Virginia;Montgomery County;99561;98835;98915;-156;-726;80
51125;Virginia;Nelson County;14737;14800;14652;-33;63;-148
51127;Virginia;New Kent County;23119;23979;24986;177;860;1007
51131;Virginia;Northampton County;12208;12039;11900;-70;-169;-139
51133;Virginia;Northumberland County;11838;12046;12302;0;208;256
51135;Virginia;Nottoway County;15639;15584;15559;-3;-55;-25
51137;Virginia;Orange County;36391;37189;37991;207;798;802
51139;Virginia;Page County;23687;23801;23750;-21;114;-51
51141;Virginia;Patrick County;17583;17668;17643;-21;85;-25
51143;Virginia;Pittsylvania County;60365;60090;59952;-137;-275;-138
51145;Virginia;Powhatan County;30438;31172;31489;104;734;317
51147;Virginia;Prince Edward County;21898;21957;21927;52;59;-30
51149;Virginia;Prince George County;43045;42998;43134;35;-47;136
51153;Virginia;Prince William County;482790;485205;486943;592;2415;1738
51155;Virginia;Pulaski County;33804;33808;33706;4;4;-102
51157;Virginia;Rappahannock County;7321;7437;7502;-29;116;65
51159;Virginia;Richmond County;8919;9049;9080;-1;130;31
51161;Virginia;Roanoke County;96922;96751;96914;-14;-171;163
51163;Virginia;Rockbridge County;22645;22639;22593;-5;-6;-46
51165;Virginia;Rockingham County;83765;84470;85397;6;705;927
51167;Virginia;Russell County;25756;25577;25448;-30;-179;-129
51169;Virginia;Scott County;21585;21482;21476;17;-103;-6
51171;Virginia;Shenandoah County;44263;44829;44968;71;566;139
51173;Virginia;Smyth County;29782;29600;29449;-18;-182;-151
51175;Virginia;Southampton County;17952;18037;17932;-49;85;-105
51177;Virginia;Spotsylvania County;140594;143957;146688;500;3363;2731
51179;Virginia;Stafford County;157746;161584;163380;809;3838;1796
51181;Virginia;Surry County;6551;6524;6527;-7;-27;3
51183;Virginia;Sussex County;10789;10812;10680;-42;23;-132
51185;Virginia;Tazewell County;40405;40057;39821;-34;-348;-236
51187;Virginia;Warren County;40786;40957;41440;62;171;483
51191;Virginia;Washington County;53889;53793;53958;-45;-96;165
51193;Virginia;Westmoreland County;18508;18732;18712;31;224;-20
51195;Virginia;Wise County;36061;35707;35421;-57;-354;-286
51197;Virginia;Wythe County;28312;28200;28111;27;-112;-89
51199;Virginia;York County;70228;71176;71341;173;948;165
51510;Virginia;Alexandria city;159125;155203;155525;-336;-3922;322
51520;Virginia;Bristol city;17295;17095;16975;77;-200;-120
51530;Virginia;Buena Vista city;6621;6615;6591;-20;-6;-24
51540;Virginia;Charlottesville city;46465;45730;45373;-89;-735;-357
51550;Virginia;Chesapeake city;249803;251739;252488;388;1936;749
51570;Virginia;Colonial Heights city;18187;18218;18294;16;31;76
51580;Virginia;Covington city;5742;5731;5679;-2;-11;-52
51590;Virginia;Danville city;42577;42376;42229;-15;-201;-147
51595;Virginia;Emporia city;5709;5622;5481;-57;-87;-141
51600;Virginia;Fairfax city;24175;24391;24835;27;216;444
51610;Virginia;Falls Church city;14677;14546;14586;19;-131;40
51620;Virginia;Franklin city;8149;8128;8247;-30;-21;119
51630;Virginia;Fredericksburg city;27995;28458;28757;16;463;299
51640;Virginia;Galax city;6714;6659;6730;-11;-55;71
51650;Virginia;Hampton city;137276;137847;138037;118;571;190
51660;Virginia;Harrisonburg city;51706;51526;51158;-104;-180;-368
51670;Virginia;Hopewell city;23010;23145;22962;-22;135;-183
51678;Virginia;Lexington city;7321;7433;7457;4;112;24
51680;Virginia;Lynchburg city;78973;79118;79287;-34;145;169
51683;Virginia;Manassas city;42692;42765;42642;-81;73;-123
51685;Virginia;Manassas Park city;17161;17082;16703;-56;-79;-379
51690;Virginia;Martinsville city;13479;13549;13725;-7;70;176
51700;Virginia;Newport News city;186033;184764;184306;-210;-1269;-458
51710;Virginia;Norfolk city;237738;235025;232995;-263;-2713;-2030
51720;Virginia;Norton city;3680;3631;3609;-16;-49;-22
51730;Virginia;Petersburg city;33388;33367;33394;-69;-21;27
51735;Virginia;Poquoson city;12472;12609;12582;17;137;-27
51740;Virginia;Portsmouth city;97954;97638;97029;39;-316;-609
51750;Virginia;Radford city;16119;16542;16738;51;423;196
51760;Virginia;Richmond city;227008;227602;229395;390;594;1793
51770;Virginia;Roanoke city;99883;98744;97847;-132;-1139;-897
51775;Virginia;Salem city;25399;25354;25523;52;-45;169
51790;Virginia;Staunton city;25811;25653;25904;57;-158;251
51800;Virginia;Suffolk city;94697;96328;98537;371;1631;2209
51810;Virginia;Virginia Beach city;459646;458680;455618;175;-966;-3062
51820;Virginia;Waynesboro city;22276;22596;22808;81;320;212
51830;Virginia;Williamsburg city;15468;15675;15909;55;207;234
51840;Virginia;Winchester city;28009;28115;27936;-113;106;-179
53001;Washington;Adams County;20608;20640;20961;-4;32;321
53003;Washington;Asotin County;22325;22468;22508;37;143;40
53005;Washington;Benton County;207413;210585;212791;538;3172;2206
53007;Washington;Chelan County;79228;79775;79926;150;547;151
53009;Washington;Clallam County;77357;78442;77805;197;1085;-637
53011;Washington;Clark County;505301;512588;516779;1992;7287;4191
53013;Washington;Columbia County;3949;4015;4026;-3;66;11
53015;Washington;Cowlitz County;111019;111648;111956;279;629;308
53017;Washington;Douglas County;43031;43838;44192;94;807;354
53019;Washington;Ferry County;7196;7267;7448;18;71;181
53021;Washington;Franklin County;97143;98126;98678;397;983;552
53023;Washington;Garfield County;2298;2354;2363;10;56;9
53025;Washington;Grant County;99427;100440;101311;307;1013;871
53027;Washington;Grays Harbor County;75855;76787;77038;219;932;251
53029;Washington;Island County;86990;87557;86625;143;567;-932
53031;Washington;Jefferson County;33063;33561;33589;88;498;28
53033;Washington;King County;2274094;2253038;2266789;4427;-21056;13751
53035;Washington;Kitsap County;275802;276591;277673;197;789;1082
53037;Washington;Kittitas County;44626;44688;45189;284;62;501
53039;Washington;Klickitat County;22816;23178;23271;82;362;93
53041;Washington;Lewis County;82556;84575;85370;404;2019;795
53043;Washington;Lincoln County;10927;11277;11601;48;350;324
53045;Washington;Mason County;66029;67229;68166;307;1200;937
53047;Washington;Okanogan County;42146;42741;43127;48;595;386
53049;Washington;Pacific County;23491;23971;24113;126;480;142
53051;Washington;Pend Oreille County;13506;13906;14179;102;400;273
53053;Washington;Pierce County;923524;927199;927380;2387;3675;181
53055;Washington;San Juan County;17827;18615;18662;38;788;47
53057;Washington;Skagit County;129884;130933;131179;369;1049;246
53059;Washington;Skamania County;12033;12207;12460;0;174;253
53061;Washington;Snohomish County;829869;836037;840079;1922;6168;4042
53063;Washington;Spokane County;541125;545498;549690;1793;4373;4192
53065;Washington;Stevens County;46587;47553;48229;137;966;676
53067;Washington;Thurston County;295988;298078;298758;1191;2090;680
53069;Washington;Wahkiakum County;4443;4579;4688;24;136;109
53071;Washington;Walla Walla County;62619;62158;61890;33;-461;-268
53073;Washington;Whatcom County;227430;226718;230677;587;-712;3959
53075;Washington;Whitman County;47804;43238;47619;-167;-4566;4381
53077;Washington;Yakima County;256702;256647;257001;-17;-55;354
54001;West Virginia;Barbour County;15463;15445;15414;1;-18;-31
54003;West Virginia;Berkeley County;122691;126194;129490;613;3503;3296
54005;West Virginia;Boone County;21739;21367;20968;-68;-372;-399
54007;West Virginia;Braxton County;12397;12293;12185;-52;-104;-108
54009;West Virginia;Brooke County;22472;22109;21733;-79;-363;-376
54011;West Virginia;Cabell County;94234;93494;92730;-112;-740;-764
54013;West Virginia;Calhoun County;6199;6165;6068;-29;-34;-97
54015;West Virginia;Clay County;8007;7895;7814;-43;-112;-81
54017;West Virginia;Doddridge County;7787;7739;7698;-21;-48;-41
54019;West Virginia;Fayette County;40425;40083;39487;-60;-342;-596
54021;West Virginia;Gilmer County;7397;7389;7325;-20;-8;-64
54023;West Virginia;Grant County;10988;11009;10968;13;21;-41
54025;West Virginia;Greenbrier County;32895;32698;32435;-84;-197;-263
54027;West Virginia;Hampshire County;23097;23374;23468;5;277;94
54029;West Virginia;Hancock County;29037;28591;28172;-58;-446;-419
54031;West Virginia;Hardy County;14241;14155;14192;-57;-86;37
54033;West Virginia;Harrison County;65839;65436;64915;-83;-403;-521
54035;West Virginia;Jackson County;27720;27761;27716;-72;41;-45
54037;West Virginia;Jefferson County;57783;58520;58979;76;737;459
54039;West Virginia;Kanawha County;180217;177993;175515;-527;-2224;-2478
54041;West Virginia;Lewis County;17016;16897;16767;-12;-119;-130
54043;West Virginia;Lincoln County;20363;20191;19901;-96;-172;-290
54045;West Virginia;Logan County;32510;31917;31316;-62;-593;-601
54047;West Virginia;McDowell County;18921;18413;17850;-197;-508;-563
54049;West Virginia;Marion County;56230;56117;55952;19;-113;-165
54051;West Virginia;Marshall County;30497;30208;29752;-92;-289;-456
54053;West Virginia;Mason County;25398;25290;25000;-50;-108;-290
54055;West Virginia;Mercer County;59517;59215;58700;-143;-302;-515
54057;West Virginia;Mineral County;26890;26866;26855;-48;-24;-11
54059;West Virginia;Mingo County;23487;23094;22573;-87;-393;-521
54061;West Virginia;Monongalia County;105905;106487;106869;83;582;382
54063;West Virginia;Monroe County;12380;12383;12296;5;3;-87
54065;West Virginia;Morgan County;17087;17280;17430;20;193;150
54067;West Virginia;Nicholas County;24554;24415;24335;-49;-139;-80
54069;West Virginia;Ohio County;42338;41878;41447;-106;-460;-431
54071;West Virginia;Pendleton County;6132;6078;6011;-13;-54;-67
54073;West Virginia;Pleasants County;7652;7612;7586;-1;-40;-26
54075;West Virginia;Pocahontas County;7864;7890;7819;-9;26;-71
54077;West Virginia;Preston County;34187;34270;34172;-27;83;-98
54079;West Virginia;Putnam County;57432;57355;57015;-3;-77;-340
54081;West Virginia;Raleigh County;74386;73801;72882;-195;-585;-919
54083;West Virginia;Randolph County;27892;27891;27600;-42;-1;-291
54085;West Virginia;Ritchie County;8426;8388;8207;-24;-38;-181
54087;West Virginia;Roane County;13986;13912;13834;-42;-74;-78
54089;West Virginia;Summers County;11939;11892;11762;-29;-47;-130
54091;West Virginia;Taylor County;16684;16483;16342;-17;-201;-141
54093;West Virginia;Tucker County;6753;6675;6568;-12;-78;-107
54095;West Virginia;Tyler County;8296;8243;8183;-15;-53;-60
54097;West Virginia;Upshur County;23813;23820;23712;-4;7;-108
54099;West Virginia;Wayne County;38864;38533;37998;-119;-331;-535
54101;West Virginia;Webster County;8356;8286;8167;-24;-70;-119
54103;West Virginia;Wetzel County;14392;14195;14025;-49;-197;-170
54105;West Virginia;Wirt County;5186;5059;5091;-10;-127;32
54107;West Virginia;Wood County;84142;83791;83340;-158;-351;-451
54109;West Virginia;Wyoming County;21317;20991;20527;-70;-326;-464
55001;Wisconsin;Adams County;20675;20795;21226;29;120;431
55003;Wisconsin;Ashland County;16018;16054;16039;-15;36;-15
55005;Wisconsin;Barron County;46714;46746;46843;5;32;97
55007;Wisconsin;Bayfield County;16233;16304;16608;20;71;304
55009;Wisconsin;Brown County;268921;268814;270036;192;-107;1222
55011;Wisconsin;Buffalo County;13319;13312;13391;7;-7;79
55013;Wisconsin;Burnett County;16579;16759;17036;53;180;277
55015;Wisconsin;Calumet County;52462;52587;52718;29;125;131
55017;Wisconsin;Chippewa County;66337;66628;66807;35;291;179
55019;Wisconsin;Clark County;34667;34722;34691;7;55;-31
55021;Wisconsin;Columbia County;58516;58404;58193;36;-112;-211
55023;Wisconsin;Crawford County;16084;16082;16007;-31;-2;-75
55025;Wisconsin;Dane County;562577;561724;568203;1070;-853;6479
55027;Wisconsin;Dodge County;89353;88657;88282;-45;-696;-375
55029;Wisconsin;Door County;30120;30406;30526;54;286;120
55031;Wisconsin;Douglas County;44343;44026;44144;52;-317;118
55033;Wisconsin;Dunn County;45441;44509;45651;7;-932;1142
55035;Wisconsin;Eau Claire County;105874;105988;106837;172;114;849
55037;Wisconsin;Florence County;4560;4586;4688;5;26;102
55039;Wisconsin;Fond du Lac County;104150;104166;103836;-2;16;-330
55041;Wisconsin;Forest County;9165;9262;9381;-11;97;119
55043;Wisconsin;Grant County;51984;51285;51276;34;-699;-9
55045;Wisconsin;Green County;37036;37018;36816;-56;-18;-202
55047;Wisconsin;Green Lake County;19022;19249;19220;-1;227;-29
55049;Wisconsin;Iowa County;23709;23777;23865;0;68;88
55051;Wisconsin;Iron County;6146;6193;6224;8;47;31
55053;Wisconsin;Jackson County;21096;20899;20836;-46;-197;-63
55055;Wisconsin;Jefferson County;86193;85796;85784;42;-397;-12
55057;Wisconsin;Juneau County;26780;26756;26866;59;-24;110
55059;Wisconsin;Kenosha County;169184;168465;167817;28;-719;-648
55061;Wisconsin;Kewaunee County;20550;20577;20623;-6;27;46
55063;Wisconsin;La Crosse County;120930;119367;120294;134;-1563;927
55065;Wisconsin;Lafayette County;16613;16816;16877;5;203;61
55067;Wisconsin;Langlade County;19462;19505;19559;-29;43;54
55069;Wisconsin;Lincoln County;28429;28453;28376;8;24;-77
55071;Wisconsin;Manitowoc County;81384;81479;81172;24;95;-307
55073;Wisconsin;Marathon County;138047;137746;137958;40;-301;212
55075;Wisconsin;Marinette County;41885;41849;41988;11;-36;139
55077;Wisconsin;Marquette County;15594;15777;15779;-2;183;2
55078;Wisconsin;Menominee County;4256;4292;4197;6;36;-95
55079;Wisconsin;Milwaukee County;938527;924207;918661;-968;-14320;-5546
55081;Wisconsin;Monroe County;46296;46246;46109;26;-50;-137
55083;Wisconsin;Oconto County;39080;39393;39633;109;313;240
55085;Wisconsin;Oneida County;37872;38282;38212;24;410;-70
55087;Wisconsin;Outagamie County;190961;191309;192127;251;348;818
55089;Wisconsin;Ozaukee County;91613;92551;93009;114;938;458
55091;Wisconsin;Pepin County;7347;7386;7410;21;39;24
55093;Wisconsin;Pierce County;42223;41606;42532;18;-617;926
55095;Wisconsin;Polk County;45032;45521;45709;53;489;188
55097;Wisconsin;Portage County;70402;69429;70718;26;-973;1289
55099;Wisconsin;Price County;14032;14055;14179;-23;23;124
55101;Wisconsin;Racine County;197536;196439;195846;-184;-1097;-593
55103;Wisconsin;Richland County;17272;17166;17090;-30;-106;-76
55105;Wisconsin;Rock County;163751;164192;164060;59;441;-132
55107;Wisconsin;Rusk County;14179;14116;14186;-13;-63;70
55109;Wisconsin;St. Croix County;93874;95055;96017;335;1181;962
55111;Wisconsin;Sauk County;65793;65740;65777;13;-53;37
55113;Wisconsin;Sawyer County;18123;18247;18559;43;124;312
55115;Wisconsin;Shawano County;40873;40812;40886;-13;-61;74
55117;Wisconsin;Sheboygan County;118030;117697;117841;7;-333;144
55119;Wisconsin;Taylor County;19937;19944;19975;22;7;31
55121;Wisconsin;Trempealeau County;30806;30730;30899;50;-76;169
55123;Wisconsin;Vernon County;30698;30921;31060;-17;223;139
55125;Wisconsin;Vilas County;23097;23522;23763;50;425;241
55127;Wisconsin;Walworth County;105308;105200;105380;82;-108;180
55129;Wisconsin;Washburn County;16613;16760;16911;-9;147;151
55131;Wisconsin;Washington County;136784;137237;137688;28;453;451
55133;Wisconsin;Waukesha County;407467;409080;410434;496;1613;1354
55135;Wisconsin;Waupaca County;51791;51992;51488;-20;201;-504
55137;Wisconsin;Waushara County;24549;24797;24999;23;248;202
55139;Wisconsin;Winnebago County;171800;170554;170718;66;-1246;164
55141;Wisconsin;Wood County;74197;74085;73993;-21;-112;-92
56001;Wyoming;Albany County;37110;37860;38031;40;750;171
56003;Wyoming;Big Horn County;11481;11645;11855;-40;164;210
56005;Wyoming;Campbell County;47139;46533;47058;112;-606;525
56007;Wyoming;Carbon County;14504;14679;14542;-27;175;-137
56009;Wyoming;Converse County;13741;13678;13786;-6;-63;108
56011;Wyoming;Crook County;7186;7319;7448;2;133;129
56013;Wyoming;Fremont County;39197;39422;39472;-37;225;50
56015;Wyoming;Goshen County;12514;12557;12562;11;43;5
56017;Wyoming;Hot Springs County;4618;4574;4588;0;-44;14
56019;Wyoming;Johnson County;8467;8633;8730;16;166;97
56021;Wyoming;Laramie County;100718;100794;100723;212;76;-71
56023;Wyoming;Lincoln County;19657;20170;20660;75;513;490
56025;Wyoming;Natrona County;80282;79660;79601;327;-622;-59
56027;Wyoming;Niobrara County;2452;2414;2380;-17;-38;-34
56029;Wyoming;Park County;29664;30142;30518;39;478;376
56031;Wyoming;Platte County;8632;8674;8645;29;42;-29
56033;Wyoming;Sheridan County;31005;31667;32096;80;662;429
56035;Wyoming;Sublette County;8738;8725;8763;10;-13;38
56037;Wyoming;Sweetwater County;42190;41582;41345;-77;-608;-237
56039;Wyoming;Teton County;23377;23622;23287;54;245;-335
56041;Wyoming;Uinta County;20457;20655;20712;11;198;57
56043;Wyoming;Washakie County;7658;7712;7719;-24;54;7
56045;Wyoming;Weston County;6818;6766;6860;-22;-52;94
